BJD - 2454833, Corrected Flux
2307.550390594, 0.999898318,
2307.570822628, 0.999923417,
2307.591254762, 0.999968106,
2307.611686695, 1.000018903,
2307.632118727, 0.999937426,
2307.652550859, 0.999982763,
2307.672982791, 0.999931746,
2307.693414822, 0.999971503,
2307.713846953, 1.000056745,
2307.734278884, 0.999995646,
2307.754711014, 1.000007973,
2307.775143043, 1.000058441,
2307.795574973, 1.000088911,
2307.816007102, 1.000101647,
2307.836439130, 1.000082104,
2307.856871058, 1.000124724,
2307.877303185, 1.000127882,
2307.897735213, 1.000074583,
2307.918167239, 1.000022820,
2307.938599266, 1.000012887,
2307.959031291, 1.000082259,
2307.979463317, 0.999993342,
2307.999895342, 1.000135426,
2308.020327367, 1.000058813,
2308.040759391, 0.999986348,
2308.061191515, 0.999973400,
2308.081623438, 1.000025742,
2308.102055561, 1.000022836,
2308.122487484, 0.999996382,
2308.142919506, 0.999991729,
2308.163351628, 0.999907741,
2308.183783549, 0.999961279,
2308.204215570, 0.999942327,
2308.224647691, 0.999936031,
2308.245079611, 0.999987777,
2308.265511631, 0.999967096,
2308.285943750, 0.999945365,
2308.306375669, 0.999881295,
2308.326807687, 0.999921575,
2308.347239805, 0.999827092,
2308.367671723, 0.999870018,
2308.388103740, 0.999832360,
2308.408535857, 0.999910716,
2308.428967874, 0.999870876,
2308.449399789, 0.999727879,
2308.469831905, 0.999792173,
2308.490263920, 0.999803829,
2308.531127949, 0.999797145,
2308.551559963, 0.999834255,
2308.571991977, 0.999782009,
2308.592423990, 0.999769929,
2308.612856003, 0.999784390,
2308.633288115, 0.999742235,
2308.653720027, 0.999769674,
2308.674152039, 0.999771339,
2308.694584150, 0.999798800,
2308.715016061, 0.999790889,
2308.735448071, 0.999822743,
2308.755880181, 0.999820268,
2308.776312090, 0.999794609,
2308.796744099, 0.999801059,
2308.817176208, 0.999788637,
2308.837608116, 0.999780024,
2308.858040124, 0.999767738,
2308.878472232, 0.999690313,
2308.898904139, 0.999644075,
2308.919336245, 0.999562193,
2308.939768151, 0.999544727,
2308.960200157, 0.999490157,
2308.980632263, 0.999511457,
2309.001064268, 0.999578260,
2309.021496173, 0.999592466,
2309.041928277, 0.999637558,
2309.062360281, 0.999678772,
2309.082792184, 0.999701558,
2309.103224287, 0.999663539,
2309.123656289, 0.999576273,
2309.144088192, 0.999608082,
2309.164520293, 0.999587161,
2309.184952295, 0.999633358,
2309.205384196, 0.999615301,
2309.225816297, 0.999647688,
2309.246248297, 0.999607179,
2309.266680297, 0.999612029,
2309.287112296, 0.999603195,
2309.307544295, 0.999541703,
2309.327976293, 0.999660755,
2309.348408292, 0.999648038,
2309.368840290, 0.999597829,
2309.389272387, 0.999696017,
2309.409704284, 0.999604748,
2309.430136280, 0.999588579,
2309.450568377, 0.999615984,
2309.471000372, 0.999551864,
2309.511864363, 0.999323616,
2309.532296357, 0.999516290,
2309.552728252, 0.999526126,
2309.573160346, 0.999428445,
2309.593592339, 0.999531747,
2309.614024232, 0.999448740,
2309.634456325, 0.999408065,
2309.654888217, 0.999447721,
2309.675320208, 0.999509234,
2309.695752300, 0.999567171,
2309.716184191, 0.999542278,
2309.736616182, 0.999534036,
2309.757048272, 0.999612062,
2309.777480162, 0.999668427,
2309.797912151, 0.999599576,
2309.818344240, 0.999704070,
2309.838776229, 0.999610066,
2309.859208217, 0.999652793,
2309.879640205, 0.999652226,
2309.900072192, 0.999742180,
2309.920504279, 0.999675344,
2309.940936166, 0.999630803,
2309.961368152, 0.999691619,
2309.981800238, 0.999664168,
2310.002232124, 0.999572896,
2310.022664109, 0.999668306,
2310.043096194, 0.999652987,
2310.063528078, 0.999639581,
2310.083960062, 0.999570935,
2310.104392145, 0.999621778,
2310.124824028, 0.999555023,
2310.145256011, 0.999578652,
2310.165688093, 0.999544724,
2310.186119975, 0.999629602,
2310.206551957, 0.999680673,
2310.226984038, 0.999584936,
2310.247415919, 0.999610438,
2310.267847899, 0.999664605,
2310.288279979, 0.999648621,
2310.308711959, 0.999660742,
2310.329143938, 0.999778965,
2310.349575917, 0.999627145,
2310.370007795, 0.999507297,
2310.390439873, 0.999618007,
2310.410871851, 0.999591756,
2310.431303728, 0.999642901,
2310.451735805, 0.999577254,
2310.492599658, 0.999656529,
2310.513031733, 0.999697039,
2310.533463708, 0.999600506,
2310.553895584, 0.999621497,
2310.574327658, 0.999593039,
2310.594759632, 0.999627474,
2310.615191506, 0.999577718,
2310.635623579, 0.999568386,
2310.656055552, 0.999683648,
2310.676487525, 0.999680409,
2310.696919497, 0.999657471,
2310.737783441, 0.999507305,
2310.758215512, 0.999499201,
2310.778647382, 0.999543286,
2310.799079353, 0.999634273,
2310.819511422, 0.999654625,
2310.839943292, 0.999616009,
2310.860375361, 0.999616666,
2310.880807330, 0.999676675,
2310.901239198, 0.999676983,
2310.921671266, 0.999688830,
2310.942103234, 0.999697014,
2310.962535101, 0.999657305,
2310.982967167, 0.999615760,
2311.003399134, 0.999623464,
2311.023831000, 0.999647164,
2311.044263066, 0.999657102,
2311.064695031, 0.999607195,
2311.085126896, 0.999538576,
2311.105558961, 0.999679170,
2311.125990925, 0.999670691,
2311.146422788, 0.999590085,
2311.166854852, 0.999569283,
2311.187286815, 0.999694318,
2311.228150739, 0.999485133,
2311.248582701, 0.999488916,
2311.269014563, 0.999596041,
2311.289446624, 0.999674940,
2311.309878585, 0.999610706,
2311.330310445, 0.999600910,
2311.350742505, 0.999634331,
2311.371174465, 0.999604904,
2311.391606524, 0.999712607,
2311.412038383, 0.999720176,
2311.432470341, 0.999665091,
2311.452902399, 0.999606924,
2311.473334256, 0.999639081,
2311.493766214, 0.999608712,
2311.514198271, 0.999618338,
2311.534630127, 0.999682950,
2311.555062084, 0.999640372,
2311.575494139, 0.999637023,
2311.595926095, 0.999679788,
2311.616357949, 0.999595417,
2311.636790004, 0.999706449,
2311.657221959, 0.999723143,
2311.677653812, 0.999620457,
2311.718517819, 0.999599321,
2311.738949672, 0.999690892,
2311.759381724, 0.999737385,
2311.779813676, 0.999659210,
2311.800245527, 0.999609525,
2311.820677579, 0.999691568,
2311.841109530, 0.999655984,
2311.861541480, 0.999594865,
2311.881973430, 0.999649966,
2311.902405280, 0.999640306,
2311.922837329, 0.999652765,
2311.943269279, 0.999643592,
2311.963701127, 0.999570806,
2311.984133175, 0.999600762,
2312.004565123, 0.999681440,
2312.024997071, 0.999637271,
2312.045429018, 0.999545755,
2312.065860965, 0.999670391,
2312.086292911, 0.999781197,
2312.106724857, 0.999779883,
2312.127156803, 0.999759014,
2312.147588748, 0.999644283,
2312.168020793, 0.999523579,
2312.208884582, 0.999583797,
2312.229316625, 0.999597129,
2312.249748469, 0.999579919,
2312.270180412, 0.999691263,
2312.290612454, 0.999621072,
2312.311044297, 0.999668580,
2312.331476238, 0.999665556,
2312.351908280, 0.999635504,
2312.372340121, 0.999728002,
2312.392772162, 0.999636081,
2312.413204103, 0.999741131,
2312.454067982, 0.999695151,
2312.474499922, 0.999652763,
2312.494931861, 0.999661458,
2312.515363799, 0.999673919,
2312.535795737, 0.999643230,
2312.556227675, 0.999730283,
2312.576659613, 0.999642702,
2312.597091550, 0.999587437,
2312.617523387, 0.999589004,
2312.637955423, 0.999734426,
2312.658387359, 0.999705142,
2312.678819195, 0.999676694,
2312.699251230, 0.999714809,
2312.719683165, 0.999681509,
2312.740115000, 0.999688143,
2312.760547034, 0.999737899,
2312.780978968, 0.999676340,
2312.801410801, 0.999678979,
2312.821842834, 0.999636350,
2312.842274767, 0.999684235,
2312.862706699, 0.999567558,
2312.883138631, 0.999642740,
2312.903570563, 0.999666408,
2312.924002594, 0.999628575,
2312.944434425, 0.999681391,
2312.964866356, 0.999683003,
2312.985298386, 0.999767026,
2313.005730316, 0.999673973,
2313.026162145, 0.999755981,
2313.046594174, 0.999746048,
2313.067026103, 0.999773346,
2313.087457931, 0.999694925,
2313.107889959, 0.999646632,
2313.128321887, 0.999684835,
2313.148753714, 0.999703710,
2313.189617668, 0.999688454,
2313.210049494, 0.999616076,
2313.230481520, 0.999588586,
2313.250913445, 0.999648930,
2313.271345370, 0.999684737,
2313.291777295, 0.999722061,
2313.312209219, 0.999596730,
2313.332641144, 0.999613437,
2313.353073067, 0.999676923,
2313.373504991, 0.999697225,
2313.393936813, 0.999644551,
2313.434800758, 0.999672127,
2313.455232680, 0.999654191,
2313.475664602, 0.999658531,
2313.496096523, 0.999633404,
2313.516528544, 0.999652451,
2313.536960364, 0.999659428,
2313.557392284, 0.999609913,
2313.577824304, 0.999647551,
2313.598256123, 0.999673063,
2313.618688042, 0.999642854,
2313.639120061, 0.999675099,
2313.659551879, 0.999617018,
2313.679983797, 0.999749387,
2313.700415815, 0.999636060,
2313.720847632, 0.999673151,
2313.741279549, 0.999686761,
2313.761711566, 0.999628551,
2313.782143382, 0.999687241,
2313.802575298, 0.999654463,
2313.823007313, 0.999650775,
2313.843439228, 0.999646463,
2313.863871043, 0.999555982,
2313.884303057, 0.999683028,
2313.904734971, 0.999599069,
2313.925166885, 0.999687048,
2313.945598798, 0.999658709,
2313.966030711, 0.999606815,
2313.986462624, 0.999569602,
2314.006894536, 0.999593616,
2314.027326448, 0.999611798,
2314.047758360, 0.999647548,
2314.068190271, 0.999614233,
2314.088622182, 0.999881586,
2314.109054092, 0.999504267,
2314.129486002, 0.999276252,
2314.170349822, 0.999600062,
2314.190781731, 0.999612986,
2314.211213640, 0.999574034,
2314.231645548, 0.999616625,
2314.252077456, 0.999640578,
2314.272509364, 0.999634605,
2314.292941271, 0.999656587,
2314.313373178, 0.999611098,
2314.333805085, 0.999677458,
2314.354237091, 0.999631036,
2314.374668897, 0.999601799,
2314.415532808, 0.999650294,
2314.435964613, 0.999611251,
2314.456396617, 0.999681228,
2314.476828522, 0.999672828,
2314.497260325, 0.999632733,
2314.517692329, 0.999602393,
2314.538124232, 0.999576581,
2314.558556035, 0.999643616,
2314.578988038, 0.999617827,
2314.599419940, 0.999572636,
2314.619851741, 0.999660249,
2314.640283743, 0.999699990,
2314.660715644, 0.999634250,
2314.681147545, 0.999672962,
2314.701579445, 0.999687777,
2314.722011345, 0.999636528,
2314.742443245, 0.999560620,
2314.762875144, 0.999589235,
2314.783307043, 0.999573701,
2314.803738942, 0.999671612,
2314.824170840, 0.999632598,
2314.844602738, 0.999703567,
2314.865034536, 0.999634378,
2314.905898430, 0.999670269,
2314.926330427, 0.999649812,
2314.946762223, 0.999710100,
2314.967194119, 0.999621823,
2314.987626114, 0.999605254,
2315.008057910, 0.999704478,
2315.028489805, 0.999691036,
2315.048921799, 0.999662275,
2315.069353593, 0.999680837,
2315.089785487, 0.999659112,
2315.110217481, 0.999748728,
2315.130649274, 0.999631569,
2315.151081167, 0.999695054,
2315.171513159, 0.999664999,
2315.191945051, 0.999694410,
2315.212376843, 0.999645056,
2315.232808835, 0.999707967,
2315.253240726, 0.999685536,
2315.273672517, 0.999690348,
2315.294104507, 0.999565799,
2315.314536397, 0.999603027,
2315.334968187, 0.999634838,
2315.355400176, 0.999643354,
2315.396264054, 0.999644529,
2315.416695843, 0.999656529,
2315.437127731, 0.999697738,
2315.457559719, 0.999629590,
2315.477991506, 0.999629046,
2315.498423393, 0.999626248,
2315.518855280, 0.999622654,
2315.539287166, 0.999615238,
2315.559719052, 0.999665191,
2315.580150938, 0.999661621,
2315.600582823, 0.999661583,
2315.621014708, 0.999660799,
2315.641446593, 0.999637710,
2315.661878478, 0.999632594,
2315.682310362, 0.999642200,
2315.702742345, 0.999626144,
2315.723174129, 0.999595063,
2315.743606012, 0.999594474,
2315.764037995, 0.999609825,
2315.784469777, 0.999560550,
2315.804901659, 0.999615594,
2315.825333641, 0.999619173,
2315.845765422, 0.999487089,
2315.886629284, 0.999615075,
2315.907061064, 0.999633333,
2315.927493044, 0.999625577,
2315.947924924, 0.999650411,
2315.968356703, 0.999659762,
2315.988788682, 0.999673908,
2316.009220561, 0.999653868,
2316.029652439, 0.999503117,
2316.070516195, 0.999451251,
2316.090948073, 0.999391625,
2316.111379950, 0.999473047,
2316.131811826, 0.999630494,
2316.152243703, 0.999666542,
2316.172675679, 0.999665314,
2316.193107455, 0.999627557,
2316.213539330, 0.999641283,
2316.233971205, 0.999705007,
2316.254403080, 0.999633152,
2316.274834854, 0.999700931,
2316.295266828, 0.999733308,
2316.315698702, 0.999671487,
2316.336130675, 0.999609076,
2316.376994321, 0.999715291,
2316.397426294, 0.999651653,
2316.417858066, 0.999708904,
2316.438289938, 0.999701178,
2316.458721909, 0.999658604,
2316.479153680, 0.999664084,
2316.499585551, 0.999682566,
2316.520017522, 0.999691681,
2316.540449392, 0.999710372,
2316.560881162, 0.999681766,
2316.581313131, 0.999680956,
2316.601745000, 0.999701243,
2316.622176769, 0.999686086,
2316.642608738, 0.999641247,
2316.663040606, 0.999700162,
2316.683472374, 0.999721296,
2316.703904341, 0.999701940,
2316.724336208, 0.999668764,
2316.744767975, 0.999686720,
2316.765199942, 0.999734195,
2316.785631808, 0.999649015,
2316.806063774, 0.999691049,
2316.826495540, 0.999769447,
2316.867359370, 0.999721126,
2316.949086726, 0.999731038,
2316.969518590, 0.999683163,
2316.989950553, 0.999698112,
2317.010382316, 0.999666364,
2317.030814178, 0.999718750,
2317.051246040, 0.999736542,
2317.071677902, 0.999683254,
2317.092109763, 0.999721123,
2317.112541724, 0.999734547,
2317.132973485, 0.999738626,
2317.153405345, 0.999741016,
2317.173837306, 0.999767052,
2317.194269066, 0.999683891,
2317.214701025, 0.999792448,
2317.235132884, 0.999813820,
2317.255564643, 0.999784976,
2317.275996602, 0.999738797,
2317.296428460, 0.999746584,
2317.316860218, 0.999733120,
2317.357724032, 0.999714950,
2317.378155890, 0.999742508,
2317.398587746, 0.999675047,
2317.419019602, 0.999688213,
2317.439451459, 0.999725016,
2317.459883314, 0.999748494,
2317.480315170, 0.999693126,
2317.500747024, 0.999725611,
2317.521178879, 0.999735182,
2317.541610734, 0.999742299,
2317.562042588, 0.999701915,
2317.582474542, 0.999704293,
2317.602906295, 0.999766660,
2317.623338148, 0.999727790,
2317.643770101, 0.999807922,
2317.664201853, 0.999688164,
2317.684633806, 0.999805358,
2317.705065658, 0.999745337,
2317.725497409, 0.999785909,
2317.745929360, 0.999737274,
2317.766361111, 0.999765861,
2317.786792962, 0.999749866,
2317.807224912, 0.999793425,
2317.848088512, 0.999754040,
2317.868520462, 0.999674303,
2317.888952211, 0.999737771,
2317.909384059, 0.999749575,
2317.929816008, 0.999693878,
2317.950247856, 0.999727824,
2317.970679604, 0.999723300,
2317.991111551, 0.999776683,
2318.011543399, 0.999720641,
2318.031975145, 0.999736461,
2318.052407092, 0.999786521,
2318.093270684, 0.999622081,
2318.113702630, 0.999731268,
2318.134134475, 0.999707079,
2318.154566420, 0.999715929,
2318.174998165, 0.999742691,
2318.195430009, 0.999741269,
2318.215861954, 0.999737280,
2318.236293697, 0.999737391,
2318.256725541, 0.999712682,
2318.277157484, 0.999712022,
2318.297589227, 0.999651983,
2318.358884754, 0.999725101,
2318.379316595, 0.999719122,
2318.399748537, 0.999732815,
2318.420180378, 0.999729050,
2318.440612119, 0.999741767,
2318.461044059, 0.999712050,
2318.481475799, 0.999729804,
2318.501907639, 0.999756034,
2318.522339578, 0.999747901,
2318.583635095, 0.999725902,
2318.604066833, 0.999717664,
2318.624498771, 0.999696449,
2318.644930609, 0.999708336,
2318.665362346, 0.999754005,
2318.685794283, 0.999765035,
2318.706226120, 0.999656464,
2318.726657857, 0.999735818,
2318.747089793, 0.999719107,
2318.767521629, 0.999678349,
2318.787953464, 0.999756101,
2318.828817134, 0.999742383,
2318.849248969, 0.999683054,
2318.869680903, 0.999682857,
2318.890112637, 0.999655209,
2318.910544471, 0.999706917,
2318.930976405, 0.999733110,
2318.951408138, 0.999660994,
2318.971839971, 0.999702837,
2318.992271903, 0.999665166,
2319.012703635, 0.999638061,
2319.033135567, 0.999715086,
2319.073999130, 0.999662362,
2319.094431061, 0.999652942,
2319.114862892, 0.999653141,
2319.135294622, 0.999639253,
2319.155726553, 0.999642683,
2319.176158283, 0.999688011,
2319.196590112, 0.999708370,
2319.217022041, 0.999671570,
2319.237453770, 0.999740750,
2319.257885599, 0.999659723,
2319.278317527, 0.999677855,
2319.298749355, 0.999592123,
2319.319181083, 0.999653586,
2319.339613010, 0.999700298,
2319.360044838, 0.999669881,
2319.380476565, 0.999673608,
2319.400908491, 0.999646702,
2319.421340317, 0.999717178,
2319.441772243, 0.999661643,
2319.462203969, 0.999728422,
2319.482635794, 0.999669280,
2319.503067720, 0.999620335,
2319.523499444, 0.999350939,
2319.564363193, 0.999636652,
2319.584794917, 0.999655710,
2319.605226741, 0.999666180,
2319.625658664, 0.999643371,
2319.646090387, 0.999544316,
2319.666522210, 0.999622575,
2319.686954132, 0.999612778,
2319.707385954, 0.999564799,
2319.727817676, 0.999663596,
2319.748249598, 0.999668620,
2319.768681419, 0.999685321,
2319.809545061, 0.999691646,
2319.829976881, 0.999677289,
2319.850408701, 0.999645839,
2319.870840521, 0.999604790,
2319.891272240, 0.999656018,
2319.911704160, 0.999642202,
2319.932135979, 0.999626397,
2319.952567797, 0.999576356,
2319.972999616, 0.999601249,
2319.993431434, 0.999600556,
2320.013863151, 0.999592283,
2320.034295069, 0.999538305,
2320.054726886, 0.999575622,
2320.075158603, 0.999625648,
2320.095590520, 0.999536833,
2320.116022336, 0.999611029,
2320.136454152, 0.999588413,
2320.156885968, 0.999560225,
2320.177317783, 0.999479103,
2320.197749598, 0.999579972,
2320.218181413, 0.999581888,
2320.238613228, 0.999568625,
2320.259045142, 0.999560996,
2320.299908670, 0.999575026,
2320.320340584, 0.999589359,
2320.340772397, 0.999590310,
2320.361204110, 0.999617031,
2320.381636022, 0.999587338,
2320.402067835, 0.999614842,
2320.422499547, 0.999597944,
2320.442931459, 0.999537880,
2320.463363270, 0.999576821,
2320.483794981, 0.999550952,
2320.504226892, 0.999530515,
2320.524658703, 0.999561321,
2320.545090513, 0.999548120,
2320.565522323, 0.999638726,
2320.585954133, 0.999518689,
2320.606385942, 0.999443803,
2320.626817752, 0.999482578,
2320.647249560, 0.999631752,
2320.667681369, 0.999585199,
2320.688113177, 0.999559394,
2320.708544985, 0.999575150,
2320.728976793, 0.999569566,
2320.749408601, 0.999571099,
2320.790272315, 0.999667480,
2320.810704021, 0.999583216,
2320.831135828, 0.999673161,
2320.851567734, 0.999623067,
2320.871999440, 0.999630269,
2320.892431245, 0.999571299,
2320.912863151, 0.999591312,
2320.933294856, 0.999664621,
2320.953726660, 0.999660433,
2320.974158565, 0.999654363,
2320.994590269, 0.999654434,
2321.015022073, 0.999671399,
2321.035453976, 0.999572585,
2321.055885680, 0.999557191,
2321.076317583, 0.999623365,
2321.096749385, 0.999617340,
2321.117181188, 0.999603616,
2321.137612990, 0.999616346,
2321.158044792, 0.999661787,
2321.178476594, 0.999602221,
2321.198908395, 0.999615017,
2321.219340196, 0.999568354,
2321.239771997, 0.999631481,
2321.280635598, 0.999538953,
2321.301067398, 0.999576369,
2321.321499297, 0.999634557,
2321.341930997, 0.999635531,
2321.362362796, 0.999607323,
2321.382794595, 0.999571688,
2321.403226393, 0.999654298,
2321.423658092, 0.999615410,
2321.444089990, 0.999607394,
2321.464521787, 0.999554610,
2321.484953685, 0.999675486,
2321.505385382, 0.999648471,
2321.525817179, 0.999630095,
2321.546249076, 0.999648739,
2321.566680772, 0.999632853,
2321.587112568, 0.999623395,
2321.607544464, 0.999693880,
2321.627976260, 0.999640728,
2321.648407955, 0.999612835,
2321.668839850, 0.999634337,
2321.689271645, 0.999668858,
2321.709703340, 0.999614801,
2321.730135234, 0.999674529,
2321.770998722, 0.999547841,
2321.791430615, 0.999504124,
2321.811862408, 0.999523159,
2321.832294101, 0.999507334,
2321.852725994, 0.999589350,
2321.873157786, 0.999574763,
2321.893589678, 0.999562852,
2321.914021370, 0.999622923,
2321.934453161, 0.999687676,
2321.954885053, 0.999583081,
2321.975316744, 0.999593467,
2321.995748534, 0.999657115,
2322.016180425, 0.999579652,
2322.036612115, 0.999656489,
2322.057043905, 0.999690657,
2322.077475694, 0.999602727,
2322.097907484, 0.999671237,
2322.118339273, 0.999748774,
2322.138771162, 0.999656836,
2322.159202850, 0.999658082,
2322.179634639, 0.999692817,
2322.200066527, 0.999638101,
2322.220498215, 0.999545399,
2322.261361889, 0.999630308,
2322.281793576, 0.999617469,
2322.302225463, 0.999693299,
2322.322657249, 0.999583369,
2322.343088936, 0.999670900,
2322.363520822, 0.999666792,
2322.383952607, 0.999656638,
2322.404384293, 0.999607367,
2322.424816178, 0.999651775,
2322.445247963, 0.999656363,
2322.465679747, 0.999743938,
2322.486111532, 0.999700177,
2322.506543316, 0.999673475,
2322.526975100, 0.999700158,
2322.547406883, 0.999697321,
2322.567838667, 0.999736020,
2322.588270450, 0.999711662,
2322.608702332, 0.999835133,
2322.629134015, 0.999742454,
2322.649565897, 0.999599360,
2322.669997679, 0.999689437,
2322.690429361, 0.999603364,
2322.710861242, 0.999725609,
2322.751724705, 0.999732800,
2322.772156585, 0.999731818,
2322.792588266, 0.999644402,
2322.813020046, 0.999709243,
2322.833451926, 0.999672163,
2322.853883605, 0.999645403,
2322.874315385, 0.999664464,
2322.894747264, 0.999670315,
2322.915178943, 0.999722211,
2322.935610721, 0.999737045,
2322.956042600, 0.999620663,
2322.976474378, 0.999687987,
2322.996906056, 0.999680724,
2323.017337933, 0.999719028,
2323.037769711, 0.999674888,
2323.058201488, 0.999729687,
2323.078633264, 0.999649453,
2323.099065041, 0.999689091,
2323.119496817, 0.999672891,
2323.139928593, 0.999519882,
2323.160360369, 0.999273165,
2323.180792245, 0.999258027,
2323.201223920, 0.999329465,
2323.242087570, 0.999596522,
2323.262519244, 0.999732446,
2323.282951019, 0.999570396,
2323.303382893, 0.999704326,
2323.323814566, 0.999807566,
2323.344246340, 0.999630134,
2323.364678213, 0.999601500,
2323.385109886, 0.999659866,
2323.405541659, 0.999731026,
2323.425973531, 0.999653031,
2323.446405303, 0.999697671,
2323.466837075, 0.999717542,
2323.487268847, 0.999659053,
2323.507700519, 0.999681691,
2323.528132390, 0.999756521,
2323.548564161, 0.999701158,
2323.568995832, 0.999709637,
2323.589427702, 0.999723336,
2323.609859472, 0.999741996,
2323.630291142, 0.999674485,
2323.650723012, 0.999689640,
2323.671154781, 0.999652013,
2323.691586451, 0.999632443,
2323.732450088, 0.999758959,
2323.752881757, 0.999683573,
2323.773313625, 0.999680702,
2323.814177261, 0.999689898,
2323.834608928, 0.999729798,
2323.855040695, 0.999731965,
2323.875472562, 0.999742891,
2323.895904229, 0.999696556,
2323.916335996, 0.999712481,
2323.936767862, 0.999736603,
2323.957199528, 0.999749370,
2323.977631293, 0.999721060,
2323.998063159, 0.999692953,
2324.018494924, 0.999720527,
2324.038926589, 0.999746598,
2324.059358454, 0.999698154,
2324.079790219, 0.999714150,
2324.100221883, 0.999710948,
2324.120653747, 0.999693633,
2324.141085511, 0.999663736,
2324.161517174, 0.999680411,
2324.181949037, 0.999681203,
2324.243244326, 0.999726001,
2324.263676088, 0.999812686,
2324.284107850, 0.999734390,
2324.304539612, 0.999721560,
2324.324971273, 0.999775945,
2324.345403135, 0.999782732,
2324.365834896, 0.999810390,
2324.386266657, 0.999758133,
2324.406698417, 0.999686498,
2324.427130178, 0.999794248,
2324.447561938, 0.999789570,
2324.467993798, 0.999799136,
2324.488425457, 0.999847275,
2324.508857217, 0.999759518,
2324.529289076, 0.999757006,
2324.549720735, 0.999764082,
2324.570152593, 0.999659789,
2324.590584352, 0.999660472,
2324.611016010, 0.999753103,
2324.631447868, 0.999755269,
2324.651879626, 0.999685763,
2324.672311283, 0.999705778,
2324.713174897, 0.999827862,
2324.733606554, 0.999813072,
2324.754038411, 0.999810553,
2324.774470167, 0.999816735,
2324.794901823, 0.999778232,
2324.815333679, 0.999774429,
2324.835765434, 0.999737497,
2324.856197190, 0.999718210,
2324.876628945, 0.999754567,
2324.897060700, 0.999741898,
2324.917492454, 0.999787941,
2324.937924309, 0.999666145,
2324.958355963, 0.999690494,
2324.978787717, 0.999706643,
2324.999219470, 0.999624320,
2325.019651224, 0.999781245,
2325.040083077, 0.999756583,
2325.060514730, 0.999638372,
2325.080946483, 0.999759637,
2325.101378335, 0.999723251,
2325.121809987, 0.999684161,
2325.142241740, 0.999684883,
2325.162673591, 0.999698863,
2325.203536994, 0.999784688,
2325.223968845, 0.999798398,
2325.244400496, 0.999770786,
2325.264832247, 0.999784981,
2325.285264097, 0.999656964,
2325.305695847, 0.999813245,
2325.326127597, 0.999830378,
2325.346559647, 0.999776266,
2325.366991396, 0.999801430,
2325.387423146, 0.999747889,
2325.407854895, 0.999758897,
2325.428286543, 0.999720888,
2325.448718392, 0.999731617,
2325.469150140, 0.999730964,
2325.489581788, 0.999785566,
2325.510013636, 0.999604891,
2325.530445384, 0.999732358,
2325.550877031, 0.999658783,
2325.571308878, 0.999617139,
2325.591740625, 0.999680386,
2325.612172272, 0.999702197,
2325.632604118, 0.999638254,
2325.653035865, 0.999721970,
2325.693899356, 0.999668858,
2325.714331102, 0.999661567,
2325.734762947, 0.999652455,
2325.755194592, 0.999708500,
2325.775626337, 0.999709074,
2325.796058182, 0.999670076,
2325.816489826, 0.999713467,
2325.836921570, 0.999675687,
2325.857353415, 0.999641733,
2325.877785158, 0.999727187,
2325.898216802, 0.999709216,
2325.918648645, 0.999705311,
2325.939080388, 0.999696390,
2325.959512031, 0.999774336,
2325.979943874, 0.999698750,
2326.000375616, 0.999709548,
2326.020807258, 0.999702195,
2326.041239100, 0.999740619,
2326.061670842, 0.999731876,
2326.082102683, 0.999720747,
2326.102534325, 0.999717598,
2326.122966065, 0.999706390,
2326.143397806, 0.999740793,
2326.204693027, 0.999666720,
2326.225124767, 0.999657936,
2326.245556507, 0.999682426,
2326.265988246, 0.999740168,
2326.286419986, 0.999720490,
2326.306851725, 0.999679524,
2326.327283464, 0.999730430,
2326.347715202, 0.999755861,
2326.368146941, 0.999706147,
2326.388578779, 0.999688869,
2326.409010417, 0.999745355,
2326.429442254, 0.999704498,
2326.449873992, 0.999752084,
2326.470305629, 0.999687091,
2326.490737466, 0.999703777,
2326.511169203, 0.999680008,
2326.531600839, 0.999701489,
2326.552032676, 0.999691644,
2326.572464412, 0.999713400,
2326.592896048, 0.999737723,
2326.613327884, 0.999752076,
2326.633759619, 0.999759905,
2326.654191255, 0.999719227,
2326.674623090, 0.999778039,
2326.695054825, 0.999679648,
2326.715486559, 0.999796367,
2326.735918294, 0.999795627,
2326.756350028, 0.999706665,
2326.776781762, 0.999736206,
2326.797213496, 0.999720454,
2326.817645229, 0.999769362,
2326.838077063, 0.999631411,
2326.858508696, 0.999706693,
2326.878940429, 0.999772290,
2326.919803894, 0.999700657,
2326.940235626, 0.999681333,
2326.960667458, 0.999737014,
2326.981099090, 0.999660352,
2327.001530822, 0.999659168,
2327.021962653, 0.999651664,
2327.042394284, 0.999598445,
2327.062826015, 0.999582565,
2327.083257846, 0.999703817,
2327.103689476, 0.999648149,
2327.124121207, 0.999707872,
2327.144553037, 1.001166124,
2327.164984667, 0.999721393,
2327.185416497, 0.999685914,
2327.205848226, 0.999739805,
2327.226279955, 0.999722377,
2327.246711684, 0.999656110,
2327.267143413, 0.999663794,
2327.287575142, 0.999839529,
2327.308006870, 0.999768548,
2327.328438599, 0.999734403,
2327.348870327, 0.999737209,
2327.369302154, 0.999661158,
2327.410165509, 0.999622654,
2327.430597337, 0.999740702,
2327.451028964, 0.999690344,
2327.471460690, 0.999695014,
2327.491892517, 0.999720392,
2327.512324143, 0.999661521,
2327.532755969, 0.999674672,
2327.553187695, 0.999706325,
2327.573619321, 0.999670220,
2327.594051146, 0.999697203,
2327.614482872, 0.999716274,
2327.634914497, 0.999748157,
2327.655346322, 0.999648970,
2327.675777946, 0.999664162,
2327.696209671, 0.999742270,
2327.716641495, 0.999739128,
2327.737073219, 0.999748510,
2327.757504843, 0.999661882,
2327.777936667, 0.999683390,
2327.798368390, 0.999704024,
2327.818800013, 0.999764174,
2327.839231837, 0.999687115,
2327.859663560, 0.999655614,
2327.900527004, 0.999680619,
2327.920958727, 0.999735165,
2327.941390549, 0.999717371,
2327.961822171, 0.999683474,
2327.982253892, 0.999786808,
2328.002685713, 0.999774688,
2328.023117335, 0.999775235,
2328.043549056, 0.999694551,
2328.063980877, 0.999721080,
2328.084412497, 0.999730141,
2328.104844218, 0.999708213,
2328.145707658, 0.999669706,
2328.166139377, 0.999698190,
2328.186571197, 0.999752990,
2328.207002917, 0.999731902,
2328.227434536, 0.999715175,
2328.247866355, 0.999731704,
2328.268298073, 0.999666915,
2328.288729792, 0.999665122,
2328.309161510, 0.999621779,
2328.329593228, 0.999666956,
2328.350024946, 0.999671622,
2328.390888282, 0.999738281,
2328.411320099, 0.999691390,
2328.431751816, 0.999727080,
2328.452183434, 0.999788516,
2328.472615250, 0.999739388,
2328.493046967, 0.999790778,
2328.513478583, 0.999678872,
2328.533910399, 0.999703042,
2328.554342116, 0.999699886,
2328.574773831, 0.999707816,
2328.595205547, 0.999708369,
2328.615637262, 0.999748498,
2328.636069077, 0.999778472,
2328.656500693, 0.999683174,
2328.676932407, 0.999779210,
2328.697364222, 0.999666144,
2328.717795837, 0.999687872,
2328.738227551, 0.999687709,
2328.758659365, 0.999757125,
2328.779091079, 0.999784129,
2328.799522692, 0.999743672,
2328.819954506, 0.999752899,
2328.840386219, 0.999745696,
2328.881249645, 0.999764782,
2328.901681358, 0.999784790,
2328.922112970, 0.999756019,
2328.942544782, 0.999837441,
2328.962976494, 0.999784349,
2328.983408306, 0.999777625,
2329.003839918, 0.999778711,
2329.024271630, 0.999779581,
2329.044703341, 0.999822285,
2329.065135052, 0.999789344,
2329.085566763, 0.999799904,
2329.105998474, 0.999739799,
2329.126430184, 0.999859524,
2329.146861895, 0.999813436,
2329.167293605, 0.999799880,
2329.187725315, 0.999767813,
2329.208157025, 0.999714224,
2329.228588835, 0.999807768,
2329.249020444, 0.999780517,
2329.269452153, 0.999785629,
2329.289883962, 0.999741903,
2329.310315571, 0.999803930,
2329.330747380, 0.999859346,
2329.371610697, 0.999799277,
2329.392042505, 0.999821185,
2329.412474213, 0.999792035,
2329.432905820, 0.999810966,
2329.453337628, 0.999765919,
2329.473769335, 0.999912195,
2329.494200942, 0.999764656,
2329.514632749, 0.999813803,
2329.535064456, 0.999826738,
2329.555496063, 0.999772591,
2329.575927869, 0.999803291,
2329.596359575, 0.999827681,
2329.616791282, 0.999775483,
2329.637222987, 0.999869812,
2329.657654693, 0.999789333,
2329.678086499, 0.999902472,
2329.698518204, 0.999847511,
2329.718949809, 0.999836828,
2329.739381614, 0.999754799,
2329.759813319, 0.999789844,
2329.780244923, 0.999789954,
2329.800676728, 0.999928546,
2329.821108432, 0.999838406,
2329.861971840, 0.999843377,
2329.882403443, 0.999835157,
2329.902835147, 0.999750076,
2329.923266950, 0.999808487,
2329.943698553, 0.999870400,
2329.964130256, 0.999816184,
2329.984562059, 0.999816277,
2330.004993662, 0.999807721,
2330.025425464, 0.999789547,
2330.045857166, 0.999786539,
2330.066288868, 0.999907754,
2330.107152272, 0.999933590,
2330.127583973, 0.999951365,
2330.148015675, 0.999833462,
2330.168447376, 0.999917766,
2330.188879077, 0.999890706,
2330.209310877, 0.999800547,
2330.229742478, 0.999817230,
2330.250174179, 0.999739862,
2330.270605979, 0.999572437,
2330.291037579, 0.999645570,
2330.311469279, 0.999610932,
2330.331901078, 0.999613252,
2330.352332678, 0.999798395,
2330.372764477, 0.999815150,
2330.393196176, 0.999908568,
2330.413627775, 0.999985293,
2330.434059574, 0.999909556,
2330.454491273, 0.999862237,
2330.474922871, 0.999804891,
2330.495354670, 0.999870995,
2330.515786368, 0.999873732,
2330.536218066, 0.999879281,
2330.556649764, 0.999896596,
2330.577081461, 0.999931908,
2330.597513058, 0.999899453,
2330.617944856, 0.999952316,
2330.638376553, 0.999921222,
2330.658808150, 0.999955110,
2330.679239946, 0.999954545,
2330.699671643, 0.999950639,
2330.720103339, 0.999928136,
2330.740535035, 0.999881931,
2330.760966731, 0.999894940,
2330.781398527, 0.999893966,
2330.801830123, 1.000024014,
2330.842693614, 0.999877656,
2330.863125209, 0.999949232,
2330.883556904, 0.999882821,
2330.903988699, 0.999879352,
2330.924420293, 0.999857284,
2330.944851988, 0.999983021,
2330.965283782, 0.999955072,
2330.985715376, 0.999954199,
2331.006147070, 0.999938170,
2331.026578864, 0.999954310,
2331.047010558, 0.999923736,
2331.067442251, 0.999920072,
2331.087873944, 0.999994287,
2331.108305638, 1.000023568,
2331.128737331, 0.999973949,
2331.149169023, 0.999952567,
2331.169600716, 0.999909066,
2331.190032408, 1.000030091,
2331.210464101, 0.999972971,
2331.230895793, 0.999964369,
2331.251327485, 1.000021341,
2331.271759176, 0.999970088,
2331.292190868, 1.000017857,
2331.312622559, 0.999951928,
2331.333054251, 1.000045152,
2331.353485842, 0.999977410,
2331.373917633, 1.000107083,
2331.394349323, 0.999946923,
2331.414781114, 1.000009412,
2331.435212705, 0.999932548,
2331.455644395, 0.999932502,
2331.476076185, 0.999991257,
2331.496507775, 1.000000625,
2331.516939465, 0.999962309,
2331.537371254, 0.999929385,
2331.578234533, 0.999978288,
2331.598666322, 0.999954521,
2331.619098011, 0.999953268,
2331.639529600, 0.999986082,
2331.659961389, 0.999933885,
2331.680393077, 0.999949605,
2331.700824765, 1.000051219,
2331.721256454, 0.999994238,
2331.741688142, 0.999946830,
2331.762119929, 1.000006261,
2331.782551517, 0.999950199,
2331.823414992, 0.999894184,
2331.843846579, 0.999938553,
2331.864278266, 0.999914661,
2331.884710053, 0.999943320,
2331.905141639, 0.999919221,
2331.925573326, 0.999888560,
2331.946005112, 0.999977651,
2331.966436699, 0.999915866,
2331.986868385, 0.999918431,
2332.007300071, 0.999945718,
2332.027731756, 0.999906646,
2332.068595127, 0.999910912,
2332.089026813, 0.999959083,
2332.109458598, 0.999942235,
2332.129890282, 0.999907285,
2332.150321867, 0.999953877,
2332.170753652, 1.000021533,
2332.191185336, 0.999982956,
2332.211616921, 0.999889585,
2332.232048705, 0.999987682,
2332.252480389, 0.999995542,
2332.272911973, 0.999893655,
2332.293343756, 0.999975917,
2332.313775440, 0.999962609,
2332.334207023, 0.999953837,
2332.354638807, 0.999985732,
2332.375070489, 0.999986537,
2332.395502272, 0.999928858,
2332.415933855, 1.000021211,
2332.436365538, 0.999983354,
2332.456797320, 1.000003675,
2332.477228902, 1.000032790,
2332.497660585, 1.000069626,
2332.518092367, 1.000065569,
2332.538523949, 0.999938995,
2332.558955630, 0.999944906,
2332.579387412, 0.999981343,
2332.599819093, 0.999948010,
2332.620250674, 0.999949343,
2332.640682455, 0.999960036,
2332.661114136, 0.999965898,
2332.681545717, 1.000133277,
2332.701977498, 0.999931778,
2332.722409178, 0.999962097,
2332.742840858, 0.999945495,
2332.763272538, 0.999985468,
2332.783704219, 1.000052307,
2332.824567578, 0.999902118,
2332.844999158, 0.999932729,
2332.865430937, 1.000001393,
2332.885862616, 1.000008507,
2332.906294195, 1.000026726,
2332.926725974, 1.000008384,
2332.947157653, 0.999989965,
2332.967589332, 0.999913403,
2332.988021010, 0.999894212,
2333.008452689, 0.999861133,
2333.049316045, 0.999962977,
2333.069747723, 0.999969357,
2333.090179501, 0.999944021,
2333.110611178, 0.999973730,
2333.131042756, 1.000002960,
2333.151474533, 0.999906688,
2333.171906210, 0.999989166,
2333.192337787, 1.000024288,
2333.212769564, 1.000028607,
2333.233201241, 0.999961923,
2333.253632817, 0.999948364,
2333.274064594, 1.000009074,
2333.294496270, 0.999947259,
2333.314927846, 0.999995282,
2333.335359622, 0.999997402,
2333.355791298, 0.999975534,
2333.376223074, 1.000009966,
2333.396654649, 1.000054225,
2333.417086325, 0.999963242,
2333.437518100, 0.999972544,
2333.457949675, 1.000028126,
2333.478381350, 0.999935869,
2333.498813025, 0.999990401,
2333.519244700, 0.999980208,
2333.539676375, 0.999965495,
2333.560108049, 0.999849318,
2333.580539723, 0.999876594,
2333.600971397, 0.999895330,
2333.621403171, 0.999910073,
2333.641834745, 0.999904483,
2333.662266519, 0.999946017,
2333.682698193, 0.999961799,
2333.703129766, 0.999962504,
2333.723561539, 0.999924482,
2333.743993212, 1.000034402,
2333.764424786, 0.999968420,
2333.784856558, 0.999981214,
2333.805288231, 0.999925456,
2333.825719804, 0.999924800,
2333.846151576, 0.999987592,
2333.866583248, 0.999906298,
2333.887014821, 0.999944273,
2333.907446593, 0.999890184,
2333.927878265, 0.999904107,
2333.968741608, 0.999932740,
2333.989173280, 0.999821892,
2334.030036622, 0.999917603,
2334.050468293, 0.999944018,
2334.070900064, 1.000017709,
2334.091331735, 0.999973007,
2334.111763306, 0.999956611,
2334.132195076, 0.999955014,
2334.152626747, 0.999953884,
2334.173058317, 0.999985521,
2334.193490087, 0.999999668,
2334.213921657, 0.999885435,
2334.234353327, 1.000068666,
2334.254785097, 0.999977238,
2334.275216666, 0.999952838,
2334.295648436, 0.999929982,
2334.316080105, 0.999963693,
2334.336511674, 0.999976322,
2334.356943443, 0.999920792,
2334.377375112, 0.999937599,
2334.397806681, 0.999884496,
2334.418238450, 0.999937052,
2334.438670118, 1.000005515,
2334.459101786, 0.999976846,
2334.479533455, 0.999913239,
2334.499965123, 0.999952964,
2334.520396791, 0.999932943,
2334.540828459, 0.999927270,
2334.561260127, 0.999974028,
2334.581691894, 0.999966792,
2334.602123562, 0.999991663,
2334.622555129, 0.999830420,
2334.642986896, 0.999880624,
2334.663418563, 0.999884822,
2334.683850130, 0.999914003,
2334.704281897, 1.000086106,
2334.724713564, 0.999860125,
2334.745145130, 0.999962517,
2334.765576897, 0.999900344,
2334.786008563, 0.999897407,
2334.806440129, 0.999939406,
2334.826871895, 0.999960356,
2334.847303561, 0.999944223,
2334.867735127, 0.999935727,
2334.888166893, 0.999951913,
2334.908598558, 0.999943747,
2334.929030324, 0.999993687,
2334.949461889, 0.999983698,
2334.969893554, 0.999949199,
2335.010756884, 0.999841775,
2335.031188549, 0.999859275,
2335.051620213, 0.999898443,
2335.072051878, 0.999850853,
2335.092483542, 0.999896773,
2335.112915206, 0.999844252,
2335.133346871, 0.999943898,
2335.153778535, 0.999850066,
2335.174210299, 0.999873488,
2335.194641862, 0.999924008,
2335.215073626, 0.999861284,
2335.235505290, 0.999936056,
2335.255936853, 0.999906135,
2335.276368616, 0.999912421,
2335.296800279, 0.999902164,
2335.317231842, 0.999871406,
2335.337663605, 0.999859053,
2335.358095268, 0.999984534,
2335.378526831, 0.999910345,
2335.398958593, 0.999970858,
2335.419390256, 1.000001087,
2335.439821918, 0.999985863,
2335.460253580, 0.999942681,
2335.480685242, 0.999856533,
2335.501117004, 0.999939792,
2335.521548566, 0.999957364,
2335.541980228, 0.999990745,
2335.562411989, 0.999965086,
2335.582843651, 1.000021403,
2335.603275212, 0.999976837,
2335.623706973, 0.999991395,
2335.644138635, 1.000032799,
2335.664570196, 0.999937779,
2335.685001956, 0.999917406,
2335.705433517, 0.999962560,
2335.725865178, 1.000070767,
2335.746296938, 0.999991009,
2335.766728499, 0.999970550,
2335.787160159, 0.999979007,
2335.807591919, 0.999995693,
2335.828023479, 0.999890905,
2335.848455239, 0.999935614,
2335.868886899, 0.999892343,
2335.889318458, 0.999967172,
2335.909750218, 0.999977656,
2335.930181877, 0.999962533,
2335.950613437, 0.999912021,
2335.991476855, 0.999962151,
2336.011908514, 1.000030229,
2336.032340173, 0.999910081,
2336.052771832, 0.999958622,
2336.073203490, 0.999979301,
2336.093635149, 0.999960666,
2336.114066807, 1.000020948,
2336.134498565, 1.000038521,
2336.154930224, 1.000039758,
2336.175361782, 1.000010003,
2336.195793540, 0.999934525,
2336.216225197, 1.000021588,
2336.236656755, 1.000029606,
2336.257088513, 1.000024596,
2336.277520170, 1.000031779,
2336.297951728, 0.999929201,
2336.318383485, 0.999998397,
2336.338815142, 0.999959889,
2336.359246699, 0.999992307,
2336.379678456, 1.000002941,
2336.400110113, 1.000057113,
2336.420541770, 1.000085342,
2336.440973426, 0.999952798,
2336.461404983, 0.999936696,
2336.481836739, 1.000022561,
2336.502268395, 1.000017024,
2336.522700052, 1.000072405,
2336.543131708, 0.999957856,
2336.563563364, 1.000014668,
2336.583995020, 1.000028256,
2336.604426675, 1.000014364,
2336.624858331, 1.000029390,
2336.645289986, 1.000049225,
2336.665721742, 1.000087924,
2336.686153297, 1.000089126,
2336.706585052, 0.999999248,
2336.727016707, 1.000019328,
2336.747448262, 0.999980073,
2336.767880017, 1.000067376,
2336.788311672, 0.999996756,
2336.808743227, 1.000046467,
2336.829174981, 0.999977714,
2336.849606636, 1.000044736,
2336.870038190, 1.000099243,
2336.890469944, 0.999992031,
2336.910901598, 1.000010340,
2336.931333152, 1.000023535,
2336.972196560, 0.999983935,
2336.992628314, 1.000068115,
2337.013059867, 1.000001370,
2337.033491521, 1.000084493,
2337.053923274, 0.999974791,
2337.074354927, 0.999958299,
2337.094786481, 1.000038855,
2337.115218134, 0.999921724,
2337.135649887, 0.999981103,
2337.156081440, 0.999999960,
2337.176513192, 1.000063878,
2337.196944745, 1.000035005,
2337.217376398, 0.999997019,
2337.237808150, 0.999944197,
2337.258239702, 1.000001202,
2337.278671455, 1.000023198,
2337.299103107, 0.999994279,
2337.319534659, 0.999985271,
2337.339966411, 1.000019772,
2337.360398063, 0.999814499,
2337.380829614, 0.999516041,
2337.401261366, 0.999554784,
2337.421693018, 0.999577131,
2337.442124569, 0.999614498,
2337.462556321, 0.999812677,
2337.482987972, 0.999922241,
2337.503419623, 0.999926488,
2337.523851274, 1.000018103,
2337.544282925, 1.000007601,
2337.564714576, 0.999994676,
2337.585146226, 0.999993986,
2337.605577877, 0.999993722,
2337.626009628, 1.000060256,
2337.646441278, 1.000019396,
2337.666872829, 1.000058996,
2337.707736229, 1.000081256,
2337.728167779, 1.000078307,
2337.748599529, 1.000126754,
2337.769031179, 1.000132652,
2337.789462729, 1.000081015,
2337.809894478, 1.000059618,
2337.830326028, 1.000055748,
2337.850757678, 1.000035984,
2337.871189427, 1.000025611,
2337.891621076, 1.000056718,
2337.912052726, 1.000053947,
2337.973347673, 1.000068023,
2337.993779322, 1.000020280,
2338.014210970, 0.999984777,
2338.034642619, 1.000028117,
2338.055074268, 1.000007510,
2338.075505916, 1.000085328,
2338.095937564, 1.000099841,
2338.116369213, 1.000037642,
2338.136800861, 0.999995560,
2338.157232609, 1.000036853,
2338.177664157, 1.000136361,
2338.198095905, 1.000048324,
2338.218527553, 1.000015695,
2338.238959101, 0.999985674,
2338.259390848, 0.999975668,
2338.279822496, 1.000067106,
2338.300254043, 1.000044379,
2338.320685791, 1.000064918,
2338.341117438, 1.000034945,
2338.361548985, 1.000038108,
2338.381980732, 1.000055089,
2338.402412379, 1.000098240,
2338.443275673, 1.000075256,
2338.463707320, 1.000037217,
2338.484139066, 1.000047580,
2338.504570613, 1.000027868,
2338.525002259, 1.000116151,
2338.545434006, 1.000085193,
2338.565865552, 1.000032110,
2338.586297198, 1.000088853,
2338.606728844, 1.000028657,
2338.627160491, 1.000028248,
2338.647592137, 1.000049851,
2338.668023882, 1.000071822,
2338.688455428, 1.000079218,
2338.708887074, 1.000000999,
2338.729318819, 1.000007266,
2338.749750365, 1.000047794,
2338.770182110, 0.999966740,
2338.790613756, 1.000023328,
2338.811045301, 1.000044239,
2338.831477046, 1.000094057,
2338.851908691, 1.000096885,
2338.872340236, 1.000053009,
2338.892771981, 0.999978758,
2338.913203626, 1.000028217,
2338.933635171, 0.999960198,
2338.954066916, 1.000008489,
2338.974498560, 1.000050019,
2338.994930305, 1.000035868,
2339.015361849, 1.000006165,
2339.035793494, 1.000028769,
2339.056225238, 1.000050308,
2339.076656782, 1.000033957,
2339.097088426, 1.000053918,
2339.117520170, 1.000069328,
2339.137951814, 1.000024418,
2339.178815102, 0.999970342,
2339.199246746, 1.000016878,
2339.219678289, 1.000076163,
2339.240110033, 1.000072357,
2339.260541676, 1.000158003,
2339.280973320, 0.999989462,
2339.301404963, 0.999999048,
2339.321836506, 1.000039323,
2339.342268250, 1.000069083,
2339.362699893, 1.000053251,
2339.383131436, 1.000082900,
2339.403563178, 1.000002226,
2339.423994821, 1.000066578,
2339.444426364, 1.000032710,
2339.464858107, 0.999991373,
2339.485289749, 0.999976026,
2339.505721392, 1.000025598,
2339.526153034, 0.999973184,
2339.546584677, 1.000067110,
2339.567016419, 1.000074879,
2339.587447961, 0.999959290,
2339.607879603, 1.000016865,
2339.628311345, 1.000083998,
2339.648742887, 0.999990557,
2339.669174529, 1.000041912,
2339.689606271, 1.000034513,
2339.710037913, 1.000045827,
2339.730469455, 1.000018337,
2339.750901196, 0.999949810,
2339.771332838, 0.999951666,
2339.791764379, 1.000025605,
2339.812196121, 0.999925330,
2339.832627762, 1.000009996,
2339.853059503, 0.999972763,
2339.873491045, 1.000027300,
2339.914354427, 1.000045360,
2339.934785968, 0.999914382,
2339.955217609, 0.999932931,
2339.975649349, 0.999916481,
2339.996080890, 0.999908162,
2340.016512531, 0.999925606,
2340.036944171, 0.999927973,
2340.057375812, 0.999899686,
2340.077807452, 0.999994634,
2340.098239093, 0.999997546,
2340.118670733, 0.999950894,
2340.159534114, 1.000073712,
2340.179965654, 0.999992870,
2340.200397394, 0.999998172,
2340.220829034, 1.000067926,
2340.241260574, 0.999993976,
2340.261692313, 0.999955245,
2340.282123953, 0.999991188,
2340.302555493, 1.000031342,
2340.322987233, 0.999991385,
2340.343418872, 1.000032340,
2340.363850612, 1.000001737,
2340.384282151, 0.999967248,
2340.404713790, 0.999995558,
2340.425145530, 0.999999943,
2340.445577069, 0.999987366,
2340.466008708, 0.999968634,
2340.486440447, 1.000010025,
2340.506871986, 1.000012046,
2340.527303625, 0.999966818,
2340.547735364, 1.000032502,
2340.568166903, 1.000003539,
2340.588598542, 0.999937942,
2340.609030280, 0.999963274,
2340.629461919, 0.999980390,
2340.649893558, 0.999969755,
2340.670325196, 0.999965115,
2340.690756834, 0.999991430,
2340.711188473, 0.999928926,
2340.731620111, 1.000016014,
2340.752051749, 1.000017561,
2340.772483388, 0.999947840,
2340.792915026, 0.999982123,
2340.813346564, 1.000078612,
2340.833778302, 0.999980845,
2340.854209940, 0.999960752,
2340.874641478, 0.999990973,
2340.895073215, 0.999915687,
2340.915504853, 1.000004579,
2340.935936591, 1.000029696,
2340.956368128, 0.999946797,
2340.976799766, 0.999965995,
2340.997231503, 1.000018496,
2341.017663041, 1.000012246,
2341.038094678, 0.999956111,
2341.058526416, 0.999926605,
2341.078957953, 1.000014262,
2341.099389590, 0.999951542,
2341.119821327, 0.999979316,
2341.140252964, 0.999965987,
2341.160684601, 0.999973946,
2341.181116238, 1.000000825,
2341.201547875, 0.999933176,
2341.221979512, 1.000026593,
2341.242411149, 1.000040484,
2341.262842786, 1.000121481,
2341.283274422, 1.000017444,
2341.303706059, 1.000057000,
2341.324137695, 1.000066906,
2341.344569432, 1.000016049,
2341.365000968, 0.999910697,
2341.385432605, 1.000004490,
2341.405864241, 0.999959443,
2341.426295877, 0.999985937,
2341.446727614, 0.999997730,
2341.467159150, 0.999980055,
2341.487590786, 1.000040451,
2341.508022522, 0.999982941,
2341.528454058, 1.000007931,
2341.548885694, 1.000028091,
2341.569317430, 0.999948285,
2341.589748966, 0.999989338,
2341.610180601, 0.999984427,
2341.630612337, 1.000043186,
2341.651043873, 1.000031435,
2341.671475608, 1.000021594,
2341.691907244, 1.000009459,
2341.712338879, 0.999976075,
2341.732770515, 1.000011760,
2341.753202150, 0.999996490,
2341.773633786, 0.999993082,
2341.794065421, 0.999998697,
2341.814497056, 0.999981267,
2341.834928691, 0.999984746,
2341.896223597, 1.000119576,
2341.916655332, 1.000034353,
2341.937086867, 0.999998071,
2341.957518602, 1.000007146,
2341.977950236, 1.000017602,
2341.998381771, 1.000019959,
2342.018813506, 0.999985575,
2342.039245141, 1.000057482,
2342.059676675, 1.000041267,
2342.080108410, 0.999960710,
2342.100540044, 1.000097832,
2342.120971579, 1.000029976,
2342.141403313, 0.999986636,
2342.161834948, 1.000007980,
2342.182266582, 1.000017431,
2342.202698216, 1.000006813,
2342.223129851, 1.000073125,
2342.243561485, 1.000028442,
2342.263993119, 0.999987451,
2342.284424753, 1.000066529,
2342.304856387, 1.000027507,
2342.325288021, 0.999956490,
2342.345719655, 1.000036125,
2342.366151389, 1.000052588,
2342.386582923, 1.000046344,
2342.407014557, 1.000019146,
2342.427446291, 1.000043878,
2342.447877825, 1.000048951,
2342.468309558, 1.000020041,
2342.488741192, 0.999998526,
2342.509172726, 0.999992015,
2342.529604459, 1.000040747,
2342.550036093, 1.000030601,
2342.570467626, 1.000053352,
2342.590899360, 1.000255723,
2342.611330993, 1.000014786,
2342.631762526, 0.999987846,
2342.652194260, 0.999992206,
2342.672625893, 1.000089860,
2342.693057626, 1.000027971,
2342.713489159, 1.000048927,
2342.733920793, 1.000073876,
2342.754352526, 0.999991382,
2342.774784059, 1.000066908,
2342.795215692, 1.000002745,
2342.815647325, 1.000023538,
2342.836079058, 1.000083923,
2342.856510590, 1.000055552,
2342.876942323, 1.000027172,
2342.897373856, 1.000045814,
2342.917805589, 1.000062058,
2342.938237222, 0.999986294,
2342.958668754, 1.000041094,
2342.979100487, 1.000066417,
2342.999532120, 1.000113464,
2343.019963652, 1.000067328,
2343.040395385, 1.000008539,
2343.060827017, 1.000047955,
2343.081258550, 1.000026786,
2343.101690282, 1.000020955,
2343.122121915, 1.000001016,
2343.142553447, 1.000047908,
2343.162985179, 0.999986595,
2343.183416812, 1.000003643,
2343.203848544, 0.999996115,
2343.224280076, 1.000061663,
2343.244711708, 1.000032717,
2343.265143440, 1.000028223,
2343.285574972, 1.000002231,
2343.306006604, 1.000009165,
2343.326438336, 1.000047242,
2343.346869968, 1.000057579,
2343.367301500, 1.000002734,
2343.387733232, 0.999945943,
2343.408164864, 1.000098808,
2343.428596496, 1.000056477,
2343.449028128, 1.000054350,
2343.469459760, 0.999976656,
2343.489891491, 1.000033546,
2343.510323023, 0.999958806,
2343.530754655, 1.000000590,
2343.551186286, 0.999997239,
2343.571617918, 1.000050966,
2343.592049550, 1.000085887,
2343.612481181, 1.000075596,
2343.632912813, 1.000050266,
2343.653344544, 1.000060995,
2343.673776076, 0.999987840,
2343.694207707, 1.000087841,
2343.714639438, 1.000052138,
2343.735070970, 1.000128911,
2343.755502601, 1.000118476,
2343.775934332, 1.000058758,
2343.796365864, 1.000099033,
2343.837229226, 1.000169392,
2343.857660857, 1.000015690,
2343.878092388, 1.000190080,
2343.898524120, 1.000152163,
2343.918955751, 1.000052726,
2343.939387382, 1.000146494,
2343.959819013, 1.000082445,
2343.980250644, 1.000212215,
2344.000682375, 1.000034217,
2344.021113906, 1.000051233,
2344.041545537, 1.000019351,
2344.061977267, 1.000107986,
2344.082408798, 0.999999751,
2344.102840429, 1.000083134,
2344.123272160, 1.000035909,
2344.143703691, 1.000078998,
2344.164135422, 1.000057265,
2344.184567052, 0.999982057,
2344.204998583, 1.000070102,
2344.225430314, 1.000046567,
2344.245861944, 1.000010304,
2344.266293475, 0.999978150,
2344.286725206, 0.999954177,
2344.307156736, 0.999984674,
2344.327588467, 1.000041305,
2344.348020097, 0.999965009,
2344.368451628, 1.000083661,
2344.388883358, 0.999958498,
2344.409314989, 0.999960949,
2344.429746619, 1.000057254,
2344.450178250, 0.999949328,
2344.470609880, 0.999982188,
2344.491041510, 0.999936518,
2344.511473141, 0.999860951,
2344.531904771, 0.999829301,
2344.552336401, 0.999869327,
2344.572768132, 0.999972113,
2344.593199662, 0.999974708,
2344.613631292, 0.999936352,
2344.634063022, 1.000041800,
2344.654494552, 0.999963659,
2344.674926283, 1.000015632,
2344.695357913, 0.999943128,
2344.715789443, 0.999964501,
2344.736221173, 0.999970190,
2344.756652803, 1.000020194,
2344.777084333, 0.999919156,
2344.817947693, 1.000028308,
2344.838379323, 1.000077038,
2344.858810953, 0.999953395,
2344.879242583, 1.000085673,
2344.899674313, 0.999983007,
2344.920105843, 0.999978229,
2344.940537473, 1.000013093,
2344.960969103, 1.000009348,
2344.981400733, 1.000050728,
2345.001832363, 1.000033465,
2345.022264093, 1.000005725,
2345.063127252, 1.000255919,
2345.083558982, 1.000022225,
2345.103990512, 0.999981455,
2345.124422242, 1.000029114,
2345.144853871, 1.000022901,
2345.165285401, 1.000011101,
2345.185717131, 1.000075684,
2345.206148760, 1.000060936,
2345.226580290, 0.999958447,
2345.247012020, 1.000156521,
2345.267443649, 1.000072496,
2345.287875179, 1.000110426,
2345.308306909, 1.000053199,
2345.328738538, 1.000141676,
2345.349170268, 1.000038932,
2345.369601798, 1.000108701,
2345.390033427, 1.000010242,
2345.410465157, 1.000041931,
2345.430896686, 1.000027190,
2345.451328316, 0.999999426,
2345.471760045, 1.000044203,
2345.492191675, 1.000031390,
2345.512623204, 1.000028491,
2345.533054934, 1.000041999,
2345.553486563, 0.999898707,
2345.573918193, 0.999971358,
2345.594349822, 0.999996188,
2345.614781452, 0.999974820,
2345.635213081, 0.999990150,
2345.655644711, 0.999996178,
2345.676076340, 0.999949641,
2345.696507969, 1.000025029,
2345.716939599, 0.999991835,
2345.737371228, 1.000043572,
2345.757802858, 0.999768712,
2345.798666016, 1.000130905,
2345.819097746, 1.000056197,
2345.839529375, 1.000033885,
2345.859961104, 1.000063489,
2345.880392634, 1.000080928,
2345.900824263, 1.000014763,
2345.921255992, 1.000135968,
2345.941687522, 1.000067707,
2345.962119151, 1.000073713,
2345.982550880, 1.000051109,
2346.002982409, 0.999998243,
2346.043845768, 1.000054616,
2346.064277397, 1.000077095,
2346.084709027, 1.000035462,
2346.105140656, 1.000096334,
2346.125572285, 1.000075611,
2346.146003914, 1.000065876,
2346.166435544, 1.000101698,
2346.186867173, 1.000130362,
2346.207298902, 1.000118509,
2346.227730431, 1.000071748,
2346.248162060, 1.000058713,
2346.289025319, 1.000038175,
2346.309457048, 1.000084692,
2346.329888677, 1.000138856,
2346.350320207, 1.000157909,
2346.370751936, 1.000074728,
2346.391183565, 1.000108193,
2346.411615094, 1.000167106,
2346.432046823, 1.000129097,
2346.452478353, 1.000103243,
2346.472909982, 1.000068405,
2346.493341711, 1.000106042,
2346.534204969, 1.000131773,
2346.554636598, 1.000095242,
2346.575068228, 1.000178798,
2346.595499857, 1.000119838,
2346.615931486, 1.000171222,
2346.636363115, 1.000163011,
2346.656794745, 1.000083901,
2346.677226374, 1.000053348,
2346.697658003, 1.000077048,
2346.718089732, 1.000174509,
2346.738521261, 1.000068482,
2346.779384620, 1.000124881,
2346.799816149, 1.000130300,
2346.820247878, 1.000218446,
2346.840679507, 1.000037450,
2346.861111037, 1.000083327,
2346.881542766, 1.000065626,
2346.901974395, 1.000044014,
2346.922405924, 1.000165942,
2346.942837653, 1.000188567,
2346.963269283, 1.000110072,
2346.983701012, 1.000111989,
2347.004132541, 1.000107131,
2347.024564170, 1.000141143,
2347.044995800, 1.000202534,
2347.065427429, 1.000154793,
2347.085859058, 1.000110099,
2347.106290787, 1.000147914,
2347.126722317, 1.000210158,
2347.147153946, 1.000146765,
2347.167585575, 1.000162063,
2347.188017204, 1.000163379,
2347.208448934, 1.000120228,
2347.228880463, 1.000132894,
2347.269743822, 1.000125544,
2347.290175451, 1.000146715,
2347.310606980, 1.000136185,
2347.331038710, 1.000094061,
2347.351470339, 1.000230854,
2347.371901868, 1.000121722,
2347.392333598, 1.000170926,
2347.412765227, 1.000149792,
2347.433196956, 1.000144445,
2347.453628486, 1.000227978,
2347.474060115, 1.000261475,
2347.514923374, 1.000061278,
2347.535355003, 1.000074300,
2347.555786733, 1.000047401,
2347.576218262, 1.000098488,
2347.596649892, 1.000195013,
2347.617081621, 1.000027368,
2347.637513151, 1.000100622,
2347.657944880, 1.000147191,
2347.678376510, 1.000094879,
2347.698808139, 1.000216805,
2347.719239769, 1.000133557,
2347.760103028, 1.000092598,
2347.780534657, 1.000067817,
2347.800966287, 1.000079658,
2347.821397917, 1.000096237,
2347.841829546, 1.000105922,
2347.862261176, 1.000118640,
2347.882692905, 1.000169938,
2347.903124435, 1.000220018,
2347.923556065, 1.000169580,
2347.943987794, 1.000182578,
2347.964419324, 1.000167630,
2348.005282683, 1.000131577,
2348.025714213, 1.000122344,
2348.046145843, 1.000210201,
2348.066577573, 1.000105538,
2348.087009102, 1.000122109,
2348.107440832, 1.000173575,
2348.127872462, 1.000211251,
2348.148303992, 1.000176959,
2348.168735722, 1.000222862,
2348.189167352, 1.000165175,
2348.209598981, 1.000263266,
2348.250462241, 1.000096442,
2348.270893871, 1.000190885,
2348.291325501, 1.000117723,
2348.311757131, 1.000155633,
2348.332188861, 1.000186754,
2348.352620491, 1.000205704,
2348.373052021, 1.000168030,
2348.393483751, 1.000376342,
2348.413915381, 1.000170214,
2348.434346911, 1.000101680,
2348.454778641, 1.000237480,
2348.495641802, 1.000208750,
2348.516073532, 1.000148887,
2348.536505062, 1.000034489,
2348.556936792, 1.000192902,
2348.577368422, 1.000096115,
2348.597799953, 0.999983170,
2348.618231683, 0.999968813,
2348.638663313, 1.000001193,
2348.659094844, 0.999939994,
2348.679526574, 0.999913555,
2348.699958204, 0.999937246,
2348.740821465, 1.000180794,
2348.761253095, 1.000230122,
2348.781684826, 1.000167871,
2348.802116356, 1.000247861,
2348.822547987, 1.000187178,
2348.842979717, 1.000106961,
2348.863411248, 1.000056082,
2348.883842878, 1.000079302,
2348.904274609, 0.999939736,
2348.924706240, 0.999935709,
2348.945137870, 0.999952443,
2348.986001132, 1.000187962,
2349.006432762, 1.000147972,
2349.026864393, 1.000120325,
2349.047296024, 1.000149607,
2349.067727755, 1.000083439,
2349.088159286, 1.000056032,
2349.108590916, 1.000050742,
2349.129022647, 1.000080306,
2349.149454178, 1.000005644,
2349.169885909, 0.999988759,
2349.190317440, 0.999949096,
2349.231180802, 1.000149995,
2349.251612333, 1.000247439,
2349.272043964, 1.000197580,
2349.292475695, 1.000051768,
2349.312907226, 1.000108595,
2349.333338858, 1.000056226,
2349.353770589, 1.000159902,
2349.374202120, 1.000032774,
2349.394633851, 1.000055761,
2349.415065483, 1.000033136,
2349.435497114, 0.999994320,
2349.476360376, 1.000160309,
2349.496792008, 1.000140725,
2349.517223639, 1.000055656,
2349.537655271, 1.000143759,
2349.558086902, 1.000165640,
2349.578518634, 1.000131332,
2349.598950166, 1.000226409,
2349.619381897, 1.000131082,
2349.639813529, 1.000057642,
2349.660245060, 1.000094139,
2349.680676792, 1.000045736,
2349.741971687, 1.000200342,
2349.762403319, 1.000143319,
2349.782835051, 1.000159026,
2349.803266583, 1.000099168,
2349.823698215, 1.000108723,
2349.844129947, 1.000148905,
2349.864561479, 1.000140316,
2349.884993111, 1.000181319,
2349.905424743, 1.000116951,
2349.925856375, 1.000055359,
2349.946288007, 1.000015753,
2349.966719639, 1.000095965,
2349.987151272, 1.000024660,
2350.007583004, 1.000164223,
2350.028014536, 1.000102431,
2350.048446168, 1.000051461,
2350.068877901, 1.000002071,
2350.089309533, 0.999998642,
2350.109741066, 1.000036585,
2350.130172798, 0.999999405,
2350.150604431, 1.000065483,
2350.171035963, 1.000037737,
2350.211899328, 1.000143420,
2350.232331061, 1.000091319,
2350.252762594, 1.000086453,
2350.273194226, 1.000085523,
2350.293625959, 1.000052778,
2350.314057492, 1.000081212,
2350.334489125, 1.000074898,
2350.354920858, 1.000135821,
2350.375352391, 1.000047864,
2350.395784124, 1.000082843,
2350.416215757, 1.000151670,
2350.457079023, 1.000074112,
2350.477510656, 1.000014720,
2350.497942189, 1.000094096,
2350.518373922, 1.000042032,
2350.538805556, 1.000046182,
2350.559237189, 1.000055127,
2350.579668822, 1.000162706,
2350.600100456, 1.000092606,
2350.620532089, 1.000063174,
2350.640963723, 1.000078456,
2350.661395356, 1.000071397,
2350.681826990, 1.000082344,
2350.702258623, 1.000156954,
2350.722690257, 1.000150393,
2350.743121991, 1.000104999,
2350.763553524, 1.000175038,
2350.783985258, 1.000138123,
2350.804416892, 1.000116932,
2350.824848426, 1.000082144,
2350.845280160, 1.000068554,
2350.865711794, 1.000153637,
2350.886143328, 1.000077494,
2350.906575062, 1.000019670,
2350.947438230, 1.000169578,
2350.967869964, 1.000040274,
2350.988301599, 1.000132250,
2351.008733333, 1.000041219,
2351.029164867, 1.000095648,
2351.049596502, 1.000084403,
2351.070028236, 1.000145947,
2351.090459771, 1.000150262,
2351.110891405, 1.000093557,
2351.131323140, 1.000067119,
2351.151754674, 0.999919779,
2351.192618044, 1.000062694,
2351.213049679, 1.000029628,
2351.233481313, 1.000061209,
2351.253912948, 1.000157642,
2351.274344483, 1.000030015,
2351.294776218, 1.000065417,
2351.315207853, 1.000055439,
2351.335639488, 1.000157075,
2351.356071123, 1.000156238,
2351.376502759, 1.000110107,
2351.396934494, 1.000153931,
2351.437797664, 1.000047323,
2351.458229400, 1.000107374,
2351.478660935, 1.000045196,
2351.499092571, 1.000074331,
2351.519524306, 1.000058592,
2351.539955842, 1.000071584,
2351.560387478, 1.000177794,
2351.580819213, 1.000045159,
2351.601250749, 1.000094091,
2351.621682485, 1.000137119,
2351.642114121, 1.000147724,
2351.703409029, 0.999992049,
2351.723840565, 1.000083832,
2351.744272301, 1.000052529,
2351.764703937, 1.000088600,
2351.785135673, 1.000095712,
2351.805567210, 0.999998572,
2351.825998846, 1.000056613,
2351.846430582, 1.000045210,
2351.866862219, 1.000127689,
2351.887293755, 1.000059149,
2351.907725492, 1.000097461,
2351.928157129, 1.000024013,
2351.948588665, 0.999987245,
2351.969020402, 1.000039540,
2351.989452039, 1.000015610,
2352.009883676, 1.000109681,
2352.030315313, 1.000170640,
2352.050746850, 1.000164546,
2352.071178587, 1.000167080,
2352.091610224, 1.000203223,
2352.112041761, 1.000237264,
2352.132473498, 1.000224399,
2352.173336873, 1.000102328,
2352.193768410, 1.000107076,
2352.214200048, 1.000078855,
2352.234631785, 1.000100138,
2352.255063323, 1.000071458,
2352.275494960, 1.000144738,
2352.295926698, 1.000016035,
2352.316358236, 1.000080726,
2352.336789874, 1.000062857,
2352.357221612, 1.000130199,
2352.377653249, 1.000043756,
2352.418516526, 1.000005729,
2352.438948164, 1.000093072,
2352.479811440, 1.000006425,
2352.500243078, 1.000194650,
2352.520674717, 1.000175021,
2352.541106355, 1.000163733,
2352.561538094, 1.000181752,
2352.581969732, 1.000279494,
2352.602401271, 1.000375883,
2352.622833010, 1.000354733,
2352.663696187, 1.000136758,
2352.684127926, 1.000139174,
2352.704559465, 1.000182246,
2352.724991204, 1.000221441,
2352.745422843, 1.000299944,
2352.765854382, 1.000308109,
2352.786286122, 1.000320610,
2352.806717761, 1.000306801,
2352.827149300, 1.000255112,
2352.847581040, 1.000212961,
2352.868012679, 1.000108234,
2352.908875958, 1.000154148,
2352.929307598, 1.000101819,
2352.949739338, 1.000082185,
2352.970170878, 1.000065604,
2352.990602518, 1.000043398,
2353.011034257, 1.000119749,
2353.031465797, 1.000153005,
2353.051897438, 1.000090959,
2353.072329178, 1.000159536,
2353.092760818, 1.000022957,
2353.113192458, 1.000113946,
2353.133624099, 1.000164225,
2353.154055739, 1.000058758,
2353.174487380, 1.000058327,
2353.194919020, 1.000064597,
2353.215350661, 1.000056892,
2353.235782402, 1.000086823,
2353.256213942, 1.000082096,
2353.276645583, 1.000127049,
2353.297077324, 0.999983830,
2353.317508865, 1.000115119,
2353.337940606, 1.000065865,
2353.358372247, 1.000132593,
2353.399235530, 1.000158538,
2353.419667071, 1.000116268,
2353.440098713, 1.000171941,
2353.460530454, 1.000045009,
2353.480961996, 0.999940799,
2353.501393738, 1.000063224,
2353.521825379, 0.999931557,
2353.542256921, 0.999944813,
2353.562688663, 0.999987331,
2353.583120305, 1.000018165,
2353.603551947, 1.000002028,
2353.664846973, 1.000063723,
2353.685278516, 1.000105559,
2353.705710158, 1.000047311,
2353.726141901, 1.000154904,
2353.746573543, 1.000089086,
2353.767005086, 1.000055233,
2353.787436829, 1.000063160,
2353.807868471, 1.000088626,
2353.828300014, 1.000021119,
2353.848731757, 1.000079990,
2353.869163400, 1.000140124,
2353.889595143, 1.000102858,
2353.910026687, 1.000068735,
2353.930458330, 1.000136829,
2353.950890073, 1.000121367,
2353.971321617, 1.000162450,
2353.991753260, 1.000173692,
2354.012185004, 1.000161847,
2354.032616547, 1.000115110,
2354.053048291, 1.000151730,
2354.073479835, 0.999991145,
2354.093911479, 1.000144855,
2354.134774767, 1.000128700,
2354.155206411, 1.000166966,
2354.175638155, 1.000019132,
2354.196069699, 1.000116276,
2354.216501344, 1.000130792,
2354.236933088, 1.000125955,
2354.257364733, 1.000100121,
2354.277796377, 1.000127308,
2354.298228022, 1.000130806,
2354.318659667, 1.000003137,
2354.339091312, 1.000054107,
2354.379954602, 1.000072141,
2354.400386347, 1.000080106,
2354.420817892, 1.000057904,
2354.441249637, 1.000062981,
2354.461681282, 1.000095739,
2354.482112828, 1.000011785,
2354.502544573, 1.000004067,
2354.522976219, 1.000059770,
2354.543407765, 1.000060289,
2354.563839510, 1.000010263,
2354.584271156, 1.000064730,
2354.604702902, 1.000048486,
2354.625134448, 1.000117570,
2354.645566094, 1.000165725,
2354.665997741, 1.000093100,
2354.686429387, 1.000051068,
2354.706861033, 1.000067505,
2354.727292680, 1.000045859,
2354.747724326, 1.000082289,
2354.768155973, 1.000000623,
2354.788587620, 1.000074843,
2354.809019266, 1.000012612,
2354.829451013, 1.000015264,
2354.870314207, 1.000002472,
2354.890745955, 1.000055470,
2354.911177502, 1.000075770,
2354.931609149, 1.000062997,
2354.952040897, 1.000044330,
2354.972472544, 1.000041045,
2354.992904192, 1.000064788,
2355.013335839, 1.000110461,
2355.033767487, 1.000065289,
2355.054199235, 1.000135765,
2355.074630783, 1.000062411,
2355.115494179, 1.000071858,
2355.135925727, 1.000082570,
2355.156357476, 1.000016147,
2355.176789124, 1.000144795,
2355.197220673, 0.999985603,
2355.217652421, 1.000089007,
2355.238084070, 1.000121870,
2355.258515619, 1.000014585,
2355.278947368, 1.000121450,
2355.299379016, 1.000020723,
2355.319810566, 1.000037866,
2355.360673964, 0.999990551,
2355.381105713, 1.000132013,
2355.401537263, 0.999987670,
2355.421968912, 1.000094508,
2355.442400562, 0.999973049,
2355.462832212, 0.999931123,
2355.483263861, 1.000106550,
2355.503695511, 1.000014038,
2355.524127161, 1.000059076,
2355.544558911, 1.000100789,
2355.564990461, 0.999944923,
2355.605853862, 0.999994887,
2355.626285513, 1.000093717,
2355.646717063, 0.999987084,
2355.667148814, 1.000014438,
2355.687580465, 1.000083329,
2355.708012115, 0.999964806,
2355.728443766, 1.000034948,
2355.748875417, 0.999988976,
2355.769307169, 1.000097055,
2355.789738720, 1.000101456,
2355.810170371, 1.000025361,
2355.851033674, 1.000030900,
2355.871465326, 1.000022550,
2355.891897077, 1.000074451,
2355.912328629, 0.999971240,
2355.932760381, 0.999972667,
2355.953192033, 1.000012093,
2355.973623585, 1.000003775,
2355.994055338, 1.000060484,
2356.014486990, 1.000015645,
2356.034918642, 1.000032081,
2356.055350295, 1.000091782,
2356.075781947, 1.000018531,
2356.096213600, 0.999950204,
2356.116645253, 1.000012324,
2356.137076906, 1.000045649,
2356.157508559, 0.999983738,
2356.177940212, 1.000041136,
2356.198371865, 0.999894588,
2356.218803519, 1.000059425,
2356.239235172, 1.000025172,
2356.259666926, 0.999951151,
2356.280098579, 1.000045326,
2356.300530133, 1.000022253,
2356.341393541, 0.999987877,
2356.361825095, 0.999993198,
2356.382256849, 1.000089492,
2356.402688503, 1.000023486,
2356.423120058, 0.999926979,
2356.443551812, 1.000005972,
2356.463983467, 1.000021528,
2356.484415221, 1.000121610,
2356.504846776, 0.999986472,
2356.525278431, 0.999997920,
2356.545710186, 1.000058764,
2356.586573396, 1.000016050,
2356.607005152, 1.000002334,
2356.627436707, 1.000032079,
2356.647868463, 0.999978777,
2356.668300118, 1.000046239,
2356.688731674, 0.999992010,
2356.709163430, 1.000039068,
2356.729595086, 1.000014984,
2356.750026742, 1.000019729,
2356.770458398, 1.000000735,
2356.790890054, 1.000027862,
2356.831753367, 1.000100521,
2356.852185024, 1.000049512,
2356.872616680, 1.000041757,
2356.893048337, 1.000205029,
2356.913479994, 1.000070722,
2356.933911751, 1.000036707,
2356.954343308, 0.999987501,
2356.974774966, 1.000025084,
2356.995206723, 1.000080727,
2357.015638280, 1.000040172,
2357.036070038, 1.000093780,
2357.076933253, 1.000088105,
2357.097365011, 1.000009851,
2357.117796669, 1.000010609,
2357.138228227, 1.000049250,
2357.158659986, 1.000087672,
2357.179091644, 0.999983197,
2357.199523403, 1.000048237,
2357.219954961, 0.999946554,
2357.240386620, 1.000081658,
2357.260818379, 0.999954449,
2357.281249938, 0.999976827,
2357.322113356, 1.000048288,
2357.342544915, 1.000054984,
2357.362976674, 1.000015393,
2357.383408334, 1.000068977,
2357.403839993, 0.999970366,
2357.424271653, 0.999996546,
2357.444703313, 0.999982369,
2357.465134973, 0.999954795,
2357.485566633, 0.999931394,
2357.505998293, 1.000008444,
2357.526429853, 1.000036748,
2357.587724935, 0.999872625,
2357.608156596, 0.999959904,
2357.628588257, 0.999922481,
2357.649020018, 0.999896321,
2357.669451579, 0.999942714,
2357.689883240, 0.999933915,
2357.710315001, 1.000012047,
2357.730746563, 0.999965280,
2357.751178324, 1.000008951,
2357.771609986, 1.000158158,
2357.812473310, 1.000045904,
2357.832904972, 1.000009104,
2357.853336534, 0.999889609,
2357.873768296, 0.999977230,
2357.894199958, 0.999897449,
2357.914631721, 0.999889344,
2357.935063284, 1.000013010,
2357.955494946, 1.000075055,
2357.975926709, 0.999976315,
2357.996358272, 0.999935312,
2358.016789935, 1.000030770,
2358.057653362, 0.999986956,
2358.078085025, 0.999926033,
2358.098516689, 0.999940533,
2358.118948353, 0.999960186,
2358.139380017, 0.999953698,
2358.159811681, 0.999912438,
2358.180243245, 0.999991086,
2358.200675009, 0.999930580,
2358.221106673, 1.000010976,
2358.241538238, 0.999884960,
2358.261970002, 0.999924084,
2358.302833432, 0.999891711,
2358.323264997, 0.999945298,
2358.343696662, 0.999907002,
2358.364128427, 0.999964886,
2358.384559992, 0.999861159,
2358.404991658, 0.999930758,
2358.425423423, 0.999960957,
2358.445854989, 0.999957780,
2358.466286755, 0.999916369,
2358.486718421, 0.999977307,
2358.507149987, 1.000000134,
2358.548013419, 0.999969891,
2358.568444986, 0.999992582,
2358.588876752, 0.999986604,
2358.609308419, 1.000004661,
2358.629740186, 0.999971262,
2358.650171753, 0.999882873,
2358.670603420, 0.999924096,
2358.691035187, 0.999928931,
2358.711466854, 0.999788635,
2358.731898422, 0.999814495,
2358.752330190, 0.999897131,
2358.793193425, 0.999820717,
2358.813625193, 0.999919783,
2358.834056761, 0.999870675,
2358.854488529, 0.999952086,
2358.874920198, 0.999868207,
2358.895351766, 0.999977237,
2358.915783535, 0.999942738,
2358.936215204, 0.999898262,
2358.956646773, 1.001026688,
2358.977078541, 0.999894028,
2358.997510211, 0.999937127,
2359.038373549, 0.999932532,
2359.058805219, 0.999837139,
2359.079236989, 0.999939082,
2359.099668558, 0.999893081,
2359.120100228, 0.999920233,
2359.140531998, 0.999927653,
2359.160963568, 1.000022034,
2359.181395339, 0.999991363,
2359.201827009, 0.999968657,
2359.222258580, 1.000027556,
2359.242690351, 1.000008200,
2359.283553692, 0.999974651,
2359.303985364, 0.999930204,
2359.324417035, 0.999914832,
2359.344848706, 0.999978598,
2359.365280378, 0.999824268,
2359.385712049, 0.999927766,
2359.406143821, 0.999901543,
2359.426575493, 0.999801284,
2359.447007065, 0.999860338,
2359.467438837, 0.999889482,
2359.487870510, 0.999817033,
2359.528733855, 0.999968526,
2359.549165428, 1.000015054,
2359.569597200, 0.999939756,
2359.590028873, 0.999891907,
2359.610460447, 0.999982525,
2359.630892220, 0.999970558,
2359.651323893, 0.999914612,
2359.671755467, 1.000021197,
2359.692187241, 1.000012208,
2359.712618914, 0.999976298,
2359.733050688, 0.999987934,
2359.753482262, 1.000032277,
2359.773913937, 0.999977326,
2359.794345711, 0.999893138,
2359.814777286, 0.999981815,
2359.835208960, 0.999854377,
2359.855640735, 0.999981422,
2359.876072310, 0.999947947,
2359.896504085, 0.999974353,
2359.916935760, 0.999904523,
2359.937367436, 0.999992781,
2359.957799111, 1.000055951,
2359.978230787, 1.000052180,
2360.019094139, 0.999948860,
2360.100820844, 1.000006506,
2360.141684297, 1.000026416,
2360.162115874, 0.999994259,
2360.182547651, 1.000062209,
2360.202979228, 1.000087015,
2360.223410906, 0.999972292,
2360.264274261, 0.999943531,
2360.284706039, 1.000016461,
2360.305137717, 1.000019218,
2360.325569295, 1.000017648,
2360.346001073, 0.999930041,
2360.366432751, 1.000059844,
2360.386864330, 0.999999622,
2360.407296108, 1.000045977,
2360.427727787, 1.000108801,
2360.448159566, 1.000123024,
2360.468591145, 1.000068807,
2360.509454604, 1.000010816,
2360.529886183, 0.999980546,
2360.550317863, 1.000091626,
2360.570749643, 1.000000155,
2360.591181323, 1.000063340,
2360.611613003, 1.000078702,
2360.632044683, 1.000068205,
2360.652476363, 1.000048024,
2360.672908044, 0.999997664,
2360.693339725, 1.000079448,
2360.713771405, 1.000021714,
2360.734203186, 1.000061069,
2360.754634768, 1.000077542,
2360.775066449, 1.000110286,
2360.795498130, 1.000008427,
2360.815929812, 1.000133725,
2360.836361594, 1.000064740,
2360.856793276, 1.000058871,
2360.877224858, 1.000102419,
2360.897656640, 1.000033443,
2360.918088222, 1.000058136,
2360.938519905, 1.000118843,
2360.958951687, 1.000215168,
2360.999815053, 1.000079588,
2361.020246736, 1.000083622,
2361.040678319, 1.000078500,
2361.061110103, 1.000087137,
2361.081541786, 1.000070793,
2361.101973470, 1.000093304,
2361.122405154, 1.000019994,
2361.142836838, 1.000072628,
2361.163268622, 1.000098801,
2361.183700206, 1.000091782,
2361.204131891, 1.000078974,
2361.244995260, 1.000021159,
2361.265426945, 1.000082301,
2361.285858730, 1.000039652,
2361.306290415, 1.000064666,
2361.326722100, 1.000105122,
2361.347153786, 1.000085820,
2361.367585472, 1.000095181,
2361.388017158, 1.000071120,
2361.408448844, 1.000191455,
2361.428880530, 1.000127346,
2361.449312316, 1.000232909,
2361.510607376, 1.000089348,
2361.531038963, 1.000142702,
2361.551470750, 1.000065774,
2361.571902337, 1.000053238,
2361.592334024, 1.000014732,
2361.612765812, 1.000085544,
2361.633197400, 1.000027655,
2361.653629088, 1.000021094,
2361.674060876, 0.999991470,
2361.694492464, 1.000050480,
2361.735355941, 1.000107513,
2361.755787529, 1.000059972,
2361.776219318, 1.000098926,
2361.796651007, 1.000108627,
2361.817082696, 1.000018632,
2361.837514386, 1.000078025,
2361.857946075, 1.000052192,
2361.878377865, 1.000055022,
2361.898809454, 1.000057895,
2361.919241144, 1.000022286,
2361.939672934, 1.000040207,
2361.980536215, 0.999968402,
2362.000968006, 1.000105264,
2362.021399696, 1.000051369,
2362.041831387, 1.000157666,
2362.062263078, 1.000069160,
2362.082694770, 1.000045999,
2362.103126561, 1.000114428,
2362.123558152, 0.999959689,
2362.143989844, 1.000045153,
2362.164421636, 1.000001658,
2362.184853228, 1.000127076,
2362.225716613, 1.000100159,
2362.246148305, 1.000084688,
2362.266580098, 1.000184361,
2362.287011691, 1.000111037,
2362.307443384, 1.000102153,
2362.327875177, 1.000035081,
2362.348306770, 1.000034061,
2362.368738564, 1.000024441,
2362.389170257, 1.000017158,
2362.409601851, 1.000041593,
2362.430033645, 1.000043769,
2362.470897034, 1.000066802,
2362.491328728, 1.000027094,
2362.511760423, 1.000012681,
2362.532192118, 1.000042636,
2362.552623813, 1.000042096,
2362.573055508, 1.000017775,
2362.593487303, 1.000174847,
2362.613918999, 0.999944940,
2362.634350594, 1.000120623,
2362.654782390, 1.000141556,
2362.675214086, 0.999994133,
2362.716077479, 1.000163069,
2362.736509175, 1.000035287,
2362.756940972, 1.000070199,
2362.777372569, 1.000014257,
2362.797804266, 1.000145305,
2362.818236063, 1.000015902,
2362.838667660, 1.000027659,
2362.859099358, 1.000070220,
2362.879531155, 1.000030651,
2362.899962753, 0.999979224,
2362.920394551, 1.000112646,
2362.940826150, 1.000068094,
2362.961257848, 1.000114071,
2362.981689646, 1.000134953,
2363.002121245, 1.000103890,
2363.022552944, 1.000037910,
2363.042984743, 0.999980476,
2363.063416342, 0.999925027,
2363.083848142, 0.999868830,
2363.104279841, 1.000018716,
2363.124711541, 1.000030096,
2363.145143241, 0.999907352,
2363.165574941, 0.999892369,
2363.206438342, 1.000013235,
2363.226870042, 1.000048409,
2363.247301843, 1.000016400,
2363.267733444, 1.000085958,
2363.288165145, 1.000033428,
2363.308596946, 1.000009731,
2363.329028648, 1.000031488,
2363.349460250, 1.000062927,
2363.369892051, 1.000121835,
2363.390323753, 0.999984620,
2363.410755356, 0.999919912,
2363.451618860, 1.000140358,
2363.472050663, 0.999943021,
2363.492482266, 1.000046170,
2363.512913970, 1.000051390,
2363.533345773, 0.999975703,
2363.553777376, 0.999994973,
2363.574209080, 1.000037808,
2363.594640784, 0.999968163,
2363.615072487, 1.000015649,
2363.635504292, 0.999984984,
2363.655935896, 1.000037656,
2363.676367600, 1.000137370,
2363.696799405, 0.999956647,
2363.717231010, 0.999979193,
2363.737662715, 0.999996138,
2363.758094520, 1.000013421,
2363.778526225, 0.999933237,
2363.798957931, 0.999992582,
2363.819389637, 1.000101604,
2363.839821342, 0.999937222,
2363.860253049, 1.000128812,
2363.880684755, 1.000009271,
2363.901116461, 0.999981834,
2363.941979875, 0.999986184,
2363.962411682, 0.999904714,
2363.982843389, 0.999963855,
2364.003274996, 0.999977245,
2364.023706804, 0.999945948,
2364.044138511, 0.999966441,
2364.064570119, 0.999934325,
2364.085001927, 0.999991932,
2364.105433635, 0.999890681,
2364.125865444, 0.999953569,
2364.146297052, 0.999948006,
2364.166728761, 0.999836376,
2364.187160470, 0.999933367,
2364.207592179, 0.999832363,
2364.228023889, 0.999898431,
2364.248455598, 0.999858980,
2364.268887308, 0.999953051,
2364.289319118, 0.999852101,
2364.309750728, 0.999866157,
2364.330182438, 0.999938766,
2364.350614249, 0.999882176,
2364.371045859, 0.999848863,
2364.391477570, 0.999870600,
2364.432340992, 0.999813720,
2364.452772704, 0.999796197,
2364.473204515, 0.999766777,
2364.493636227, 0.999826864,
2364.514067939, 0.999836683,
2364.534499651, 0.999784316,
2364.554931363, 0.999842664,
2364.575363076, 0.999822575,
2364.595794788, 0.999857734,
2364.616226501, 0.999742295,
2364.636658314, 0.999802031,
2364.677521741, 0.999815390,
2364.697953455, 0.999785746,
2364.718385068, 0.999855405,
2364.738816882, 0.999757137,
2364.759248596, 0.999847571,
2364.779680211, 0.999746014,
2364.800112025, 0.999781529,
2364.820543740, 0.999789881,
2364.840975555, 0.999765597,
2364.861407170, 0.999793343,
2364.881838885, 0.999762063,
2364.922702317, 0.999805690,
2364.943134033, 0.999759489,
2364.963565749, 0.999699849,
2364.983997465, 0.999794067,
2365.004429281, 0.999760154,
2365.024860898, 0.999765090,
2365.045292615, 0.999742133,
2365.065724432, 0.999777022,
2365.086156049, 0.999640216,
2365.106587766, 0.999718516,
2365.127019584, 0.999638802,
2365.167883020, 0.999697264,
2365.188314738, 0.999645877,
2365.208746456, 0.999640202,
2365.229178175, 0.999672798,
2365.249609894, 0.999651929,
2365.270041613, 0.999705267,
2365.290473432, 0.999684040,
2365.310905051, 0.999640021,
2365.331336871, 0.999662347,
2365.351768590, 0.999665406,
2365.372200210, 0.999620625,
2365.413063751, 0.999763431,
2365.433495371, 0.999684233,
2365.453927192, 0.999589039,
2365.474358913, 0.999621520,
2365.494790534, 0.999619123,
2365.515222355, 0.999641648,
2365.535654077, 0.999630330,
2365.556085898, 0.999591671,
2365.576517520, 0.999671999,
2365.596949242, 0.999632995,
2365.617380964, 0.999671545,
2365.658244409, 0.999557889,
2365.678676132, 0.999530510,
2365.699107855, 0.999639771,
2365.719539679, 0.999509434,
2365.739971302, 0.999496459,
2365.760403026, 0.999501728,
2365.780834850, 0.999555923,
2365.801266574, 0.999498040,
2365.821698198, 0.999436963,
2365.842130022, 0.999374273,
2365.862561747, 0.999455047,
2365.882993472, 0.999494944,
2365.903425197, 0.999442482,
2365.923856922, 0.999527221,
2365.944288748, 0.999469716,
2365.964720373, 0.999534900,
2365.985152099, 0.999486676,
2366.005583925, 0.999483880,
2366.026015551, 0.999372994,
2366.046447378, 0.999384015,
2366.066879104, 0.999419125,
2366.087310731, 0.999477401,
2366.107742558, 0.999476130,
2366.148605913, 0.999404112,
2366.169037741, 0.999303564,
2366.189469469, 0.999379737,
2366.209901197, 0.999331846,
2366.230332925, 0.999425306,
2366.250764653, 0.999504665,
2366.271196382, 0.999391438,
2366.291628111, 0.999321060,
2366.312059840, 0.999413592,
2366.332491569, 0.999392771,
2366.352923299, 0.999363799,
2366.393786758, 0.999299178,
2366.414218488, 0.999371947,
2366.434650319, 0.999332411,
2366.455081949, 0.999343928,
2366.475513680, 0.999347189,
2366.495945511, 0.999397300,
2366.516377242, 0.999326853,
2366.557240705, 0.999326714,
2366.577672437, 0.999294875,
2366.598104269, 0.999325118,
2366.618535901, 0.999179390,
2366.638967633, 0.999280083,
2366.659399466, 0.999262429,
2366.679831098, 0.999291892,
2366.700262931, 0.999225353,
2366.720694665, 0.999314793,
2366.741126298, 0.999359017,
2366.761558132, 0.999264776,
2366.781989865, 0.999410263,
2366.802421499, 0.999404357,
2366.822853334, 0.999408360,
2366.843285068, 0.999385677,
2366.884148538, 0.999305305,
2366.904580273, 0.999223067,
2366.925012108, 0.999235959,
2366.945443744, 0.999203026,
2366.965875479, 0.999139184,
2366.986307215, 0.999274096,
2367.006738951, 0.999238487,
2367.027170687, 0.999163437,
2367.047602424, 0.999229296,
2367.068034161, 0.999277509,
2367.088465998, 0.999243153,
2367.129329372, 0.999189899,
2367.149761210, 0.999248699,
2367.170192948, 0.999253531,
2367.190624586, 0.999269254,
2367.211056424, 0.999178179,
2367.231488162, 0.999240164,
2367.251919901, 0.999251440,
2367.272351640, 0.999228366,
2367.292783379, 0.999270914,
2367.313215218, 0.999228762,
2367.333646858, 0.999203598,
2367.394942078, 0.999199165,
2367.415373918, 0.999171831,
2367.435805659, 0.999200508,
2367.456237299, 0.999204162,
2367.476669140, 0.999237039,
2367.497100882, 0.999166578,
2367.517532523, 0.999116301,
2367.537964365, 0.999161732,
2367.558396107, 0.999210520,
2367.578827849, 0.999193032,
2367.599259591, 0.999256342,
2367.619691334, 0.999281384,
2367.640123076, 0.999260267,
2367.660554819, 0.999262301,
2367.680986562, 0.999229975,
2367.701418306, 0.999182895,
2367.721850049, 0.999094784,
2367.742281893, 0.999194150,
2367.762713537, 0.999165209,
2367.783145282, 0.999184625,
2367.803577126, 0.999121259,
2367.824008871, 0.999140787,
2367.864872361, 0.999222027,
2367.885304106, 0.999122907,
2367.905735852, 0.999183589,
2367.926167598, 0.999131713,
2367.946599344, 0.999174704,
2367.967031190, 0.999141155,
2367.987462836, 0.999128579,
2368.007894583, 0.999095863,
2368.028326430, 0.999089171,
2368.048758077, 0.999160436,
2368.069189924, 0.999143145,
2368.089621672, 0.999186107,
2368.110053320, 0.999250195,
2368.130485168, 0.999120707,
2368.150916916, 0.999188279,
2368.171348564, 0.999304664,
2368.191780413, 0.999228690,
2368.212212162, 0.999149988,
2368.232643911, 0.999192851,
2368.253075660, 0.999129079,
2368.273507410, 0.999175457,
2368.293939160, 0.999118419,
2368.314370910, 0.999123084,
2368.355234410, 0.999183169,
2368.375666161, 0.999129591,
2368.396098012, 0.999210136,
2368.416529663, 0.999185587,
2368.436961414, 0.999243248,
2368.457393266, 0.999250406,
2368.477825018, 0.999161186,
2368.498256670, 0.999270309,
2368.518688522, 0.999144227,
2368.539120274, 0.999264528,
2368.559551927, 0.999238992,
2368.600415533, 0.999285323,
2368.620847386, 0.999241403,
2368.641279040, 0.999225160,
2368.661710794, 0.999313020,
2368.682142648, 0.999177964,
2368.702574302, 0.999187908,
2368.723006057, 0.999244808,
2368.743437911, 0.999225782,
2368.763869566, 0.999842876,
2368.784301422, 0.999286933,
2368.804733177, 0.999291154,
2368.845596689, 0.999300244,
2368.866028445, 0.999262239,
2368.886460101, 0.999145494,
2368.906891957, 0.999215760,
2368.927323714, 0.999257884,
2368.947755571, 0.999260528,
2368.968187228, 0.999284816,
2368.988618986, 0.999270260,
2369.009050744, 0.999241564,
2369.029482502, 0.999275815,
2369.049914260, 0.999262815,
2369.070346018, 0.999284779,
2369.090777777, 0.999252522,
2369.111209636, 0.999374357,
2369.131641295, 0.999301429,
2369.152073054, 0.999350942,
2369.172504914, 0.999299947,
2369.192936673, 0.999313859,
2369.213368333, 0.999316299,
2369.233800194, 0.999351732,
2369.254231954, 0.999353355,
2369.274663715, 0.999339935,
2369.295095476, 0.999182683,
2369.356390760, 0.999276187,
2369.376822522, 0.999326373,
2369.397254384, 0.999246124,
2369.417686046, 0.999310878,
2369.438117909, 0.999280470,
2369.458549672, 0.999219575,
2369.478981335, 0.999323185,
2369.499413198, 0.999286553,
2369.519844961, 0.999198962,
2369.540276625, 0.999247287,
2369.581140253, 0.999337378,
2369.601572018, 0.999267499,
2369.622003783, 0.999298177,
2369.642435547, 0.999249586,
2369.662867313, 0.999333683,
2369.683299078, 0.999314315,
2369.703730844, 0.999312378,
2369.724162609, 0.999391845,
2369.744594376, 0.999272009,
2369.765026242, 0.999321903,
2369.785457908, 0.999334504,
2369.826321542, 0.999336427,
2369.846753310, 0.999233944,
2369.867184977, 0.999288488,
2369.887616845, 0.999265269,
2369.908048613, 0.999338070,
2369.928480381, 0.999289528,
2369.948912150, 0.999282702,
2369.969343918, 0.999301351,
2369.989775787, 0.999310744,
2370.010207457, 0.999253324,
2370.030639226, 0.999390956,
2370.071502766, 0.999365914,
2370.091934536, 0.999312650,
2370.112366406, 0.999331065,
2370.132798077, 0.999276474,
2370.153229948, 0.999336845,
2370.173661719, 0.999321526,
2370.194093390, 0.999338107,
2370.214525262, 0.999251828,
2370.234957034, 0.999360591,
2370.255388806, 0.999362457,
2370.275820578, 0.999352810,
2370.296252351, 0.999350695,
2370.316684223, 0.999416416,
2370.337115896, 0.999296712,
2370.357547670, 0.999316049,
2370.377979443, 0.999364863,
2370.398411217, 0.999336877,
2370.418842991, 0.999393419,
2370.439274765, 0.999334726,
2370.459706540, 0.999359170,
2370.480138415, 0.999419335,
2370.500570189, 0.999428577,
2370.521001865, 0.999479541,
2370.561865516, 0.999380229,
2370.582297192, 0.999402238,
2370.602729068, 0.999438271,
2370.623160845, 0.999335164,
2370.643592721, 0.999406033,
2370.664024398, 0.999317281,
2370.684456176, 0.999332378,
2370.704888053, 0.999379481,
2370.725319731, 0.999339203,
2370.745751509, 0.999309399,
2370.766183387, 0.999399991,
2370.807046944, 0.999422908,
2370.827478723, 0.999455890,
2370.847910402, 0.999314738,
2370.868342281, 0.999376768,
2370.888774061, 0.999387415,
2370.909205741, 0.999411966,
2370.929637621, 0.999356098,
2370.950069402, 0.999395234,
2370.970501182, 0.999404471,
2370.990932963, 0.999323360,
2371.011364744, 0.999483587,
2371.052228307, 0.999456044,
2371.072660089, 0.999435439,
2371.093091871, 0.999462157,
2371.113523654, 0.999430958,
2371.133955536, 0.999415943,
2371.154387219, 0.999452746,
2371.174819003, 0.999502398,
2371.195250886, 0.999429006,
2371.215682670, 0.999432937,
2371.236114353, 0.999451565,
2371.256546238, 0.999394973,
2371.297409907, 0.999519431,
2371.317841592, 0.999533950,
2371.338273377, 0.999548816,
2371.358705262, 0.999534669,
2371.379136948, 0.999500080,
2371.399568734, 0.999494622,
2371.420000620, 0.999473583,
2371.440432306, 0.999490734,
2371.460864193, 0.999453157,
2371.481295980, 0.999462891,
2371.501733426, 0.999481698,
2371.522159529, 0.999495478,
2371.542591316, 0.999432072,
2371.563023004, 0.999454411,
2371.583454893, 0.999363446,
2371.603886681, 0.999469719,
2371.624318570, 0.999466588,
2371.644750259, 0.999546996,
2371.665182048, 0.999388229,
2371.685613937, 0.999446853,
2371.706045627, 0.999525103,
2371.726477417, 0.999497688,
2371.746909307, 0.999715004,
2371.787772789, 0.999500731,
2371.808204680, 0.999525270,
2371.828636471, 0.999518527,
2371.849068262, 0.999526773,
2371.869500054, 0.999533798,
2371.889931846, 0.999536184,
2371.910363739, 0.999378640,
2371.930795431, 0.999345676,
2371.951227224, 0.999474286,
2371.971659117, 0.999523051,
2371.992090810, 0.999482572,
2372.032954498, 0.999538080,
2372.053386192, 0.999518173,
2372.073818086, 0.999463361,
2372.094249781, 0.999466521,
2372.114681576, 0.999504143,
2372.135113471, 0.999495163,
2372.155545166, 0.999591077,
2372.175977062, 0.999586823,
2372.196408858, 0.999591579,
2372.216840554, 0.999466212,
2372.237272450, 0.999634749,
2372.278136044, 0.999611107,
2372.298567841, 0.999490248,
2372.318999639, 0.999491753,
2372.339431537, 0.999528242,
2372.359863235, 0.999533194,
2372.380295033, 0.999509052,
2372.400726931, 0.999563975,
2372.421158730, 0.999570035,
2372.441590429, 0.999589710,
2372.462022329, 0.999508527,
2372.482454128, 0.999520490,
2372.502885928, 0.999567616,
2372.523317728, 0.999534934,
2372.543749528, 0.999511033,
2372.564181329, 0.999522916,
2372.584613130, 0.999494423,
2372.605044931, 0.999580045,
2372.625476832, 0.999685452,
2372.645908534, 0.999550723,
2372.666340436, 0.999599654,
2372.686772138, 0.999551473,
2372.707203941, 0.999487225,
2372.727635844, 0.999466180,
2372.768499350, 0.999596349,
2372.788931253, 0.999539101,
2372.809362957, 0.999598124,
2372.829794861, 0.999588843,
2372.850226666, 0.999608056,
2372.870658370, 0.999579734,
2372.891090275, 0.999606903,
2372.911522080, 0.999521664,
2372.931953786, 0.999417392,
2372.952385691, 0.999410500,
2372.972817497, 0.999482194,
2372.993249403, 0.999517777,
2373.013681110, 0.999556651,
2373.034112917, 0.999565999,
2373.054544824, 0.999560118,
2373.074976631, 0.999649952,
2373.095408338, 0.999702456,
2373.115840246, 0.999643455,
2373.136272054, 0.999967484,
2373.156703863, 0.999597930,
2373.177135671, 0.999639673,
2373.197567480, 0.999585770,
2373.217999389, 0.999606493,
2373.279294818, 0.999625769,
2373.299726529, 0.999679102,
2373.320158439, 0.999627491,
2373.340590150, 0.999568940,
2373.361021961, 0.999633378,
2373.381453872, 0.999577007,
2373.401885584, 0.999802843,
2373.422317396, 0.999646607,
2373.442749308, 0.999665825,
2373.463181020, 0.999611717,
2373.483612933, 0.999797012,
2373.504044746, 0.999672361,
2373.524476459, 0.999606560,
2373.544908373, 0.999650611,
2373.565340186, 0.999697715,
2373.585771901, 0.999545830,
2373.606203815, 0.999676856,
2373.626635629, 0.999613675,
2373.647067544, 0.999659805,
2373.667499259, 0.999673942,
2373.687931075, 0.999664940,
2373.708362990, 0.999682942,
2373.728794706, 0.999731364,
2373.749226523, 0.999665376,
2373.769658439, 0.999609501,
2373.790090256, 0.999714994,
2373.810521973, 0.999717332,
2373.830953890, 0.999713077,
2373.851385708, 0.999714373,
2373.871817526, 0.999754445,
2373.892249344, 0.999673096,
2373.912681162, 0.999760280,
2373.933113081, 0.999751965,
2373.953544800, 0.999734299,
2373.994408539, 0.999714399,
2374.014840259, 0.999709990,
2374.035272179, 0.999698589,
2374.055703899, 0.999657174,
2374.076135720, 0.999715354,
2374.096567641, 0.999704853,
2374.116999362, 0.999686755,
2374.137431183, 0.999754584,
2374.157863105, 0.999719139,
2374.178294827, 0.999757343,
2374.198726749, 0.999803081,
2374.239590295, 0.999754021,
2374.260022218, 0.999731730,
2374.280454042, 0.999672929,
2374.300885865, 0.999623065,
2374.321317689, 0.999753250,
2374.341749514, 0.999651183,
2374.362181438, 0.999729885,
2374.382613163, 0.999706864,
2374.403044988, 0.999769977,
2374.423476913, 0.999648149,
2374.443908739, 0.999715722,
2374.464340465, 0.999753857,
2374.484772391, 0.999704078,
2374.505204218, 0.999661653,
2374.525636045, 0.999733011,
2374.546067872, 0.999633012,
2374.566499699, 0.999776288,
2374.586931627, 0.999770644,
2374.607363355, 0.999745851,
2374.627795183, 0.999706299,
2374.648227111, 0.999648324,
2374.668658840, 0.999642959,
2374.689090769, 0.999689020,
2374.729954328, 0.999678078,
2374.750386258, 0.999724709,
2374.770817988, 0.999764624,
2374.791249819, 0.999692946,
2374.811681749, 0.999751518,
2374.832113480, 0.999647885,
2374.852545412, 0.999760852,
2374.872977243, 0.999623158,
2374.893408975, 0.999776295,
2374.913840907, 0.999661448,
2374.934272740, 0.999683258,
2374.975136406, 0.999714195,
2374.995568239, 0.999667431,
2375.016000172, 0.999711542,
2375.036431906, 0.999686586,
2375.056863741, 0.999756956,
2375.077295675, 0.999694082,
2375.097727510, 0.999657437,
2375.118159345, 0.999734983,
2375.138591180, 0.999724347,
2375.159023016, 0.999656636,
2375.179454852, 0.999712698,
2375.240750461, 0.999759150,
2375.261182198, 0.999648239,
2375.281614136, 0.999734124,
2375.302045973, 0.999699878,
2375.322477711, 0.999818469,
2375.342909649, 0.999704075,
2375.363341388, 0.999793110,
2375.383773226, 0.999769058,
2375.404205166, 0.999671983,
2375.424637005, 0.999734869,
2375.445068845, 0.999653387,
2375.465500685, 0.999696185,
2375.485932425, 0.999599170,
2375.506364365, 0.999622546,
2375.526796206, 0.999705444,
2375.547227947, 0.999729609,
2375.567659889, 0.999717051,
2375.588091730, 0.999663398,
2375.608523672, 0.999715354,
2375.628955415, 0.999634181,
2375.649387257, 0.999659902,
2375.669819200, 0.999762812,
2375.710682786, 0.999717557,
2375.731114730, 0.999689229,
2375.751546474, 0.999742868,
2375.771978419, 0.999697497,
2375.792410263, 0.999661082,
2375.812842108, 0.999625935,
2375.833273953, 0.999681624,
2375.853705799, 0.999615409,
2375.874137644, 0.999684684,
2375.894569591, 0.999557773,
2375.915001337, 0.999628986,
2375.955865131, 0.999715573,
2375.976296878, 0.999678750,
2375.996728825, 0.999703155,
2376.017160673, 0.999684871,
2376.037592422, 0.999634748,
2376.058024370, 0.999687034,
2376.078456119, 0.999670845,
2376.098887968, 0.999626708,
2376.119319917, 0.999597167,
2376.139751667, 0.999688882,
2376.160183616, 0.999680476,
2376.201047217, 0.999716644,
2376.221479168, 0.999729161,
2376.241911019, 0.999698603,
2376.262342770, 0.999679957,
2376.282774722, 0.999737759,
2376.303206574, 0.999579162,
2376.323638526, 0.999694857,
2376.344070279, 0.999650226,
2376.364502132, 0.999632728,
2376.384934085, 0.999681443,
2376.405365839, 0.999645802,
2376.446229646, 0.999713982,
2376.466661501, 0.999706622,
2376.487093356, 0.999580181,
2376.507525210, 0.999644902,
2376.527957066, 0.999649245,
2376.548388921, 0.999635723,
2376.568820777, 0.999632158,
2376.589252633, 0.999612630,
2376.609684590, 0.999721638,
2376.630116347, 0.999653809,
2376.650548304, 0.999627200,
2376.691411919, 0.999697372,
2376.711843877, 0.999773171,
2376.732275635, 0.999505983,
2376.752707494, 0.999540848,
2376.773139453, 0.999618111,
2376.793571212, 0.999694656,
2376.814003171, 0.999618029,
2376.834435031, 0.999665020,
2376.854866791, 0.999762368,
2376.875298751, 0.999638494,
2376.895730612, 0.999656691,
2376.936594334, 0.999604190,
2376.957026196, 0.999598842,
2376.977458158, 0.999627100,
2376.997889920, 0.999678164,
2377.018321783, 0.999733238,
2377.038753746, 0.999652237,
2377.059185509, 0.999674012,
2377.079617372, 0.999640012,
2377.100049336, 0.999622956,
2377.120481200, 0.999548721,
2377.140913064, 0.999528859,
2377.181776794, 0.999574341,
2377.202208659, 0.999673063,
2377.222640525, 0.999564299,
2377.243072391, 0.999575605,
2377.263504357, 0.999637672,
2377.283936123, 0.999489429,
2377.304368090, 0.999574962,
2377.324799957, 0.999568038,
2377.345231725, 0.999603089,
2377.365663692, 0.999588799,
2377.386095560, 0.999594734,
2377.406527329, 0.999613050,
2377.426959297, 0.999605043,
2377.467823036, 0.999678790,
2377.488254905, 0.999681358,
2377.508686675, 0.999626671,
2377.529118645, 0.999610687,
2377.549550516, 0.999554259,
2377.569982286, 0.999670218,
2377.590414257, 0.999566176,
2377.610846129, 0.999614090,
2377.631278101, 0.999660824,
2377.672141745, 0.999538288,
2377.692573718, 0.999516421,
2377.713005491, 0.999551181,
2377.733437364, 0.999505870,
2377.753869338, 0.999522776,
2377.774301211, 0.999571537,
2377.794733086, 0.999615918,
2377.815164960, 0.999580818,
2377.835596835, 0.999653965,
2377.856028710, 0.999561057,
2377.876460586, 0.999599354,
2377.917324437, 0.999557727,
2377.937756214, 0.999614169,
2377.958188191, 0.999607267,
2377.978620068, 0.999561841,
2377.999051845, 0.999577544,
2378.019483823, 0.999562700,
2378.039915700, 0.999595219,
2378.060347479, 0.999535867,
2378.080779457, 0.999573613,
2378.101211236, 0.999528829,
2378.121643216, 0.999491372,
2378.142075095, 0.999524028,
2378.162506875, 0.999500133,
2378.182938855, 0.999625681,
2378.203370735, 0.999640495,
2378.223802516, 0.999602608,
2378.244234497, 0.999547604,
2378.264666379, 0.999596734,
2378.285098360, 0.999640905,
2378.305530143, 0.999553705,
2378.325962025, 0.999512027,
2378.346394008, 0.999571607,
2378.366825791, 0.999606243,
2378.407689658, 0.999570272,
2378.428121442, 0.999566832,
2378.448553426, 0.999646688,
2378.468985310, 0.999547950,
2378.489417195, 0.999552424,
2378.509849080, 0.999538201,
2378.530280966, 0.999619905,
2378.550712852, 0.999613843,
2378.571144738, 0.999571336,
2378.591576625, 0.999651203,
2378.612008611, 0.999617132,
2378.652872286, 0.999523282,
2378.673304274, 0.999599591,
2378.693736162, 0.999500884,
2378.714167950, 0.999571678,
2378.734599939, 0.999561097,
2378.755031728, 0.999660280,
2378.775463717, 0.999640648,
2378.795895607, 0.999623931,
2378.816327397, 0.999541240,
2378.836759387, 0.999623260,
2378.857191278, 0.999622039,
2378.898055060, 0.999568101,
2378.918486952, 0.999541905,
2378.938918944, 0.999538228,
2378.959350736, 0.999522997,
2378.979782628, 0.999575523,
2379.000214621, 0.999560126,
2379.020646414, 0.999535564,
2379.041078308, 0.999565884,
2379.061510302, 0.999575027,
2379.081942096, 0.999515996,
2379.102374091, 0.999614374,
2379.143237881, 0.999523168,
2379.163669776, 0.999569785,
2379.184101672, 0.999584819,
2379.204533568, 0.999578066,
2379.224965464, 0.999628708,
2379.245397361, 0.999579302,
2379.265829358, 0.999533769,
2379.286261255, 0.999615870,
2379.306693053, 0.999575526,
2379.327125051, 0.999582516,
2379.347556950, 0.999603080,
2379.367988748, 0.999520211,
2379.388420747, 0.999582205,
2379.408852647, 0.999612620,
2379.429284446, 0.999535952,
2379.449716446, 0.999575117,
2379.470148247, 0.999519431,
2379.490580247, 0.999543314,
2379.511012148, 0.999526776,
2379.531443950, 0.999509790,
2379.551875951, 0.999519331,
2379.572307853, 0.999556221,
2379.592739656, 0.999544630,
2379.633603561, 0.999588554,
2379.654035564, 0.999559470,
2379.674467368, 0.999577888,
2379.694899272, 0.999500315,
2379.715331276, 0.999570199,
2379.735763081, 0.999524262,
2379.756194986, 0.999510079,
2379.776626991, 0.999551559,
2379.797058896, 0.999441988,
2379.817490802, 0.999471858,
2379.837922708, 0.999495537,
2379.878786522, 0.999597252,
2379.899218429, 0.999537009,
2379.919650337, 0.999601570,
2379.940082345, 0.999596752,
2379.960514153, 0.999511173,
2379.980946161, 0.999459158,
2380.001378070, 0.999497883,
2380.021809879, 0.999443942,
2380.042241889, 0.999407861,
2380.062673799, 0.999374385,
2380.083105609, 0.999393418,
2380.123969430, 0.999410277,
2380.144401442, 0.999521774,
2380.164833353, 0.999539358,
2380.185265165, 0.999512387,
2380.205697177, 0.999382238,
2380.226129089, 0.999420561,
2380.246560902, 0.999472170,
2380.266992916, 0.999396464,
2380.287424829, 0.999446166,
2380.307856843, 0.999407164,
2380.328288657, 0.999493487,
2380.369152586, 0.999475551,
2380.389584402, 0.999494809,
2380.410016317, 0.999523290,
2380.430448333, 0.999480917,
2380.450880149, 0.999421891,
2380.471312166, 0.999399990,
2380.491744082, 0.999532705,
2380.512176000, 0.999384595,
2380.532607917, 0.999356976,
2380.553039835, 0.999434308,
2380.573471753, 0.999451312,
2380.614335591, 0.999507274,
2380.634767610, 0.999516998,
2380.655199529, 0.999504206,
2380.675631349, 0.999484853,
2380.696063369, 0.999393969,
2380.716495290, 0.999499202,
2380.736927111, 0.999490876,
2380.757359132, 0.999470559,
2380.777790954, 0.999402116,
2380.798222975, 0.999429744,
2380.818654897, 0.999400274,
2380.859518743, 0.999542049,
2380.879950666, 0.999532062,
2380.900382490, 0.999439813,
2380.920814514, 0.999491613,
2380.941246438, 0.999401968,
2380.961678463, 0.999412867,
2380.982110288, 0.999401924,
2381.002542213, 0.999402795,
2381.022974238, 0.999417873,
2381.043406064, 0.999536922,
2381.063837991, 0.999410285,
2381.104701944, 0.999449254,
2381.125133872, 0.999416284,
2381.145565799, 0.999390904,
2381.165997727, 0.999371583,
2381.186429655, 0.999330355,
2381.206861584, 0.999438978,
2381.227293513, 0.999375139,
2381.247725443, 0.999401075,
2381.268157372, 0.999376818,
2381.288589402, 0.999469056,
2381.309021333, 0.999501289,
2381.349885194, 0.999511618,
2381.370317126, 0.999451109,
2381.390748958, 0.999548283,
2381.411180990, 0.999490264,
